2354 2638
2354 2646
2354 2654
2354 2655
2355 2384
2355 2389
2355 2400
2355 2413
2355 2459
2355 2461
2355 2529
2355 2531
2355 2543
2355 2594
2355 2610
2355 2616
2355 2641
2356 2359
2356 2363
2356 2369
2356 2370
2356 2374
2356 2376
2356 2381
2356 2386
2356 2395
2356 2408
2356 2409
2356 2410
2356 2414
2356 2418
2356 2423
2356 2428
2356 2430
2356 2433
2356 2446
2356 2460
2356 2464
2356 2467
2356 2468
2356 2469
2356 2477
2356 2482
2356 2489
2356 2492
2356 2500
2356 2504
2356 2507
2356 2520
2356 2521
2356 2526
2356 2539
2356 2542
2356 2543
2356 2546
2356 2549
2356 2550
2356 2551
2356 2553
2356 2554
2356 2559
2356 2560
2356 2561
2356 2564
2356 2573
2356 2575
2356 2578
2356 2579
2356 2586
2356 2590
2356 2593
2356 2601
2356 2602
2356 2604
2356 2607
2356 2611
2356 2615
2356 2619
2356 2623
2356 2624
2356 2625
2356 2630
2356 2631
2356 2638
2356 2646
2356 2654
2356 2655
2357 2397
2357 2562
2357 2587
2357 2659
2358 2411
2359 2363
2359 2369
2359 2370
2359 2374
2359 2376
2359 2381
2359 2395
2359 2404
2359 2409
2359 2410
2359 2414
2359 2418
2359 2423
2359 2428
2359 2430
2359 2433
2359 2446
2359 2460
2359 2462
2359 2464
2359 2467
2359 2469
2359 2477
2359 2482
2359 2484
2359 2485
2359 2489
2359 2492
2359 2500
2359 2504
2359 2506
2359 2507
2359 2520
2359 2526
2359 2539
2359 2542
2359 2546
2359 2549
2359 2553
2359 2554
2359 2559
2359 2560
2359 2564
2359 2574
2359 2578
2359 2586
2359 2590
2359 2591
2359 2593
2359 2600
2359 2601
2359 2604
2359 2611
2359 2615
2359 2619
2359 2624
2359 2625
2359 2638
2359 2646
2359 2654
2359 2655
2360 2488
2361 2371
2361 2373
2361 2397
2361 2402
2361 2440
2361 2448
2361 2455
2361 2488
2361 2503
2361 2523
2361 2540
2361 2618
2361 2628
2361 2644
2362 2416
2362 2419
2362 2425
2362 2480
2362 2525
2362 2610
2362 2637
2362 2642
2363 2369
2363 2370
2363 2374
2363 2376
2363 2381
2363 2386
2363 2392
2363 2395
2363 2404
2363 2407
2363 2408
2363 2409
2363 2410
2363 2414
2363 2418
2363 2423
2363 2428
2363 2430
2363 2433
2363 2446
2363 2460
2363 2464
2363 2467
2363 2469
2363 2477
2363 2482
2363 2484
2363 2485
2363 2489
2363 2492
2363 2495
2363 2500
2363 2504
2363 2507
2363 2520
2363 2521
2363 2539
2363 2542
2363 2543
2363 2546
2363 2549
2363 2550
2363 2552
2363 2553
2363 2559
2363 2560
2363 2561
2363 2564
2363 2573
2363 2575
2363 2578
2363 2586
2363 2590
2363 2593
2363 2600
2363 2601
2363 2602
2363 2604
2363 2611
2363 2615
2363 2619
2363 2624
2363 2625
2363 2630
2363 2638
2363 2646
2363 2654
2363 2655
2364 2365
2364 2378
2364 2435
2364 2447
2364 2459
2364 2494
2364 2538
2364 2583
2364 2585
2364 2620
2364 2627
2364 2633
2364 2636
2364 2639
2364 2640
2364 2645
2364 2647
2364 2648
2364 2657
2364 2659
2364 2660
2365 2378
2365 2447
2365 2538
2365 2583
2365 2620
2365 2627
2365 2633
2365 2636
2365 2639
2365 2640
2365 2645
2365 2647
2365 2657
2365 2659
2366 2367
2366 2379
2366 2406
2366 2566
2366 2592
2366 2608
2366 2612
2366 2642
2367 2379
2367 2394
2367 2406
2367 2461
2367 2510
2367 2537
2367 2566
2367 2571
2367 2581
2367 2594
2367 2597
2367 2598
2367 2608
2367 2612
2367 2617
2367 2635
2368 2377
2368 2399
2368 2434
2368 2458
2368 2461
2368 2463
2368 2471
2368 2498
2368 2501
2368 2509
2368 2519
2368 2533
2368 2555
2368 2582
2368 2594
2368 2597
2368 2598
2368 2608
2368 2616
2368 2642
2368 2649
2369 2370
2369 2374
2369 2376
2369 2381
2369 2386
2369 2392
2369 2395
2369 2404
2369 2407
2369 2408
2369 2409
2369 2410
2369 2414
2369 2423
2369 2428
2369 2430
2369 2433
2369 2446
2369 2460
2369 2462
2369 2464
2369 2468
2369 2469
2369 2477
2369 2482
2369 2485
2369 2489
2369 2492
2369 2495
2369 2499
2369 2500
2369 2504
2369 2506
2369 2507
2369 2520
2369 2521
2369 2526
2369 2532
2369 2536
2369 2539
2369 2542
2369 2543
2369 2546
2369 2549
2369 2550
2369 2552
2369 2553
2369 2554
2369 2556
2369 2559
2369 2560
2369 2561
2369 2563
2369 2564
2369 2573
2369 2574
2369 2575
2369 2576
2369 2578
2369 2579
2369 2586
2369 2590
2369 2591
2369 2593
2369 2600
2369 2601
2369 2602
2369 2604
2369 2606
2369 2607
2369 2611
2369 2615
2369 2619
2369 2623
2369 2624
2369 2625
2369 2630
2369 2631
2369 2638
2369 2646
2369 2654
2369 2655
2370 2374
2370 2376
2370 2381
2370 2386
2370 2395
2370 2404
2370 2407
2370 2408
2370 2409
2370 2410
2370 2414
2370 2418
2370 2423
2370 2428
2370 2429
2370 2430
2370 2446
2370 2460
2370 2464
2370 2467
2370 2482
2370 2484
2370 2489
2370 2492
2370 2495
2370 2504
2370 2507
2370 2520
2370 2526
2370 2539
2370 2542
2370 2543
2370 2546
2370 2549
2370 2550
2370 2551
2370 2553
2370 2556
2370 2559
2370 2560
2370 2564
2370 2575
2370 2578
2370 2586
2370 2590
2370 2593
2370 2600
2370 2601
2370 2602
2370 2604
2370 2607
2370 2611
2370 2615
2370 2625
2370 2630
2370 2638
2370 2646
2370 2654
2370 2655
2371 2402
2371 2440
2371 2448
2371 2488
2371 2540
2371 2618
2371 2628
2372 2384
2372 2385
2372 2398
2372 2417
2372 2434
2372 2445
2372 2461
2372 2463
2372 2471
2372 2491
2372 2508
2372 2509
2372 2510
2372 2511
2372 2537
2372 2543
2372 2547
2372 2555
2372 2567
2372 2572
2372 2582
2372 2589
2372 2594
2372 2597
2372 2598
2372 2608
2372 2616
2372 2629
2372 2643
2373 2411
2373 2412
2373 2656
2374 2376
2374 2381
2374 2386
2374 2392
2374 2395
2374 2404
2374 2409
2374 2410
2374 2414
2374 2423
2374 2428
2374 2430
2374 2433
2374 2446
2374 2460
2374 2464
2374 2467
2374 2468
2374 2477
2374 2482
2374 2484
2374 2485
2374 2492
2374 2495
2374 2499
2374 2500
2374 2504
2374 2506
2374 2507
2374 2520
2374 2521
2374 2526
2374 2532
2374 2542
2374 2543
2374 2546
2374 2549
2374 2550
2374 2551
2374 2553
2374 2554
2374 2556
2374 2560
2374 2561
2374 2563
2374 2564
2374 2578
2374 2579
2374 2586
2374 2590
2374 2591
2374 2593
2374 2600
2374 2601
2374 2602
2374 2604
2374 2606
2374 2607
2374 2611
2374 2615
2374 2619
2374 2623
2374 2624
2374 2625
2374 2630
2374 2631
2374 2638
2374 2654
2374 2655
2375 2439
2375 2548
2375 2558
2376 2381
2376 2391
2376 2392
2376 2395
2376 2404
2376 2408
2376 2409
2376 2410
2376 2414
2376 2418
2376 2423
2376 2428
2376 2430
2376 2433
2376 2446
2376 2460
2376 2462
2376 2464
2376 2468
2376 2469
2376 2477
2376 2482
2376 2484
2376 2485
2376 2492
2376 2500
2376 2504
2376 2506
2376 2507
2376 2520
2376 2521
2376 2526
2376 2532
2376 2536
2376 2539
2376 2542
2376 2546
2376 2549
2376 2550
2376 2551
2376 2552
2376 2553
2376 2556
2376 2559
2376 2560
2376 2561
2376 2563
2376 2564
2376 2573
2376 2575
2376 2576
2376 2578
2376 2579
2376 2586
2376 2590
2376 2591
2376 2593
2376 2600
2376 2601
2376 2602
2376 2604
2376 2606
2376 2607
2376 2611
2376 2619
2376 2624
2376 2625
2376 2630
2376 2646
2376 2655
2377 2384
2377 2390
2377 2394
2377 2396
2377 2399
2377 2415
2377 2419
2377 2434
2377 2436
2377 2438
2377 2451
2377 2461
2377 2463
2377 2471
2377 2475
2377 2479
2377 2498
2377 2509
2377 2510
2377 2511
2377 2512
2377 2516
2377 2518
2377 2519
2377 2537
2377 2555
2377 2567
2377 2582
2377 2588
2377 2598
2377 2617
2377 2629
2377 2649
2377 2652
2378 2417
2378 2447
2378 2459
2378 2494
2378 2538
2378 2583
2378 2633
2378 2636
2378 2639
2378 2640
2378 2645
2378 2647
2378 2648
2379 2508
2379 2566
2379 2571
2379 2581
2379 2594
2379 2598
2379 2608
2379 2612
2379 2617
2379 2635
2380 2448
2381 2386
2381 2391
2381 2395
2381 2407
2381 2408
2381 2409
2381 2410
2381 2414
2381 2418
2381 2423
2381 2428
2381 2429
2381 2430
2381 2433
2381 2446
2381 2460
2381 2462
2381 2464
2381 2467
2381 2469
2381 2482
2381 2484
2381 2485
2381 2489
2381 2492
2381 2495
2381 2500
2381 2504
2381 2507
2381 2520
2381 2521
2381 2526
2381 2532
2381 2539
2381 2542
2381 2543
2381 2546
2381 2549
2381 2550
2381 2551
2381 2552
2381 2554
2381 2556
2381 2559
2381 2560
2381 2561
2381 2563
2381 2564
2381 2573
2381 2574
2381 2578
2381 2586
2381 2590
2381 2591
2381 2593
2381 2600
2381 2602
2381 2604
2381 2607
2381 2611
2381 2615
2381 2619
2381 2623
2381 2624
2381 2625
2381 2630
2381 2638
2381 2646
2381 2654
2381 2655
2382 2456
2383 2391
2383 2428
2383 2429
2383 2478
2383 2482
2383 2504
2383 2507
2383 2546
2383 2564
2383 2646
2384 2385
2384 2389
2384 2390
2384 2394
2384 2396
2384 2398
2384 2399
2384 2400
2384 2413
2384 2415
2384 2417
2384 2420
2384 2434
2384 2436
2384 2438
2384 2445
2384 2451
2384 2458
2384 2461
2384 2463
2384 2465
2384 2471
2384 2472
2384 2473
2384 2479
2384 2491
2384 2498
2384 2501
2384 2502
2384 2508
2384 2509
2384 2510
2384 2511
2384 2512
2384 2516
2384 2529
2384 2530
2384 2531
2384 2533
2384 2537
2384 2543
2384 2544
2384 2551
2384 2555
2384 2567
2384 2582
2384 2588
2384 2589
2384 2592
2384 2597
2384 2598
2384 2603
2384 2608
2384 2609
2384 2616
2384 2617
2384 2629
2384 2642
2384 2643
2384 2649
2384 2652
2384 2653
2385 2398
2385 2420
2385 2445
2385 2530
2385 2543
2385 2572
2385 2592
2385 2608
2385 2629
2386 2395
2386 2404
2386 2408
2386 2409
2386 2410
2386 2414
2386 2418
2386 2423
2386 2428
2386 2430
2386 2464
2386 2467
2386 2477
2386 2482
2386 2484
2386 2485
2386 2492
2386 2495
2386 2500
2386 2504
2386 2507
2386 2521
2386 2526
2386 2542
2386 2543
2386 2546
2386 2549
2386 2550
2386 2551
2386 2552
2386 2553
2386 2556
2386 2559
2386 2560
2386 2561
2386 2563
2386 2575
2386 2586
2386 2590
2386 2593
2386 2600
2386 2601
2386 2602
2386 2604
2386 2607
2386 2611
2386 2615
2386 2624
2386 2625
2386 2630
2386 2631
2386 2638
2386 2654
2386 2655
2387 2391
2387 2393
2387 2404
2387 2410
2387 2427
2387 2429
2387 2443
2387 2449
2387 2454
2387 2460
2387 2478
2387 2520
2387 2526
2387 2532
2387 2542
2387 2584
2387 2602
2387 2611
2387 2619
2389 2400
2389 2413
2389 2459
2389 2512
2389 2529
2389 2531
2389 2610
2389 2616
2389 2626
2390 2394
2390 2396
2390 2415
2390 2434
2390 2438
2390 2451
2390 2468
2390 2479
2390 2501
2390 2509
2390 2511
2390 2537
2390 2603
2390 2617
2390 2652
2391 2393
2391 2395
2391 2404
2391 2428
2391 2478
2391 2495
2391 2536
2391 2542
2391 2545
2391 2552
2391 2553
2391 2556
2391 2576
2391 2584
2391 2600
2391 2607
2391 2611
2391 2623
2391 2625
2392 2395
2392 2404
2392 2408
2392 2410
2392 2418
2392 2428
2392 2430
2392 2446
2392 2460
2392 2464
2392 2468
2392 2476
2392 2478
2392 2482
2392 2492
2392 2495
2392 2500
2392 2507
2392 2509
2392 2520
2392 2526
2392 2542
2392 2543
2392 2549
2392 2551
2392 2553
2392 2556
2392 2560
2392 2564
2392 2574
2392 2575
2392 2590
2392 2592
2392 2593
2392 2600
2392 2601
2392 2602
2392 2607
2392 2611
2392 2619
2392 2646
2393 2404
2393 2449
2393 2478
2393 2499
2393 2526
2393 2542
2393 2584
2394 2396
2394 2417
2394 2432
2394 2434
2394 2438
2394 2445
2394 2451
2394 2458
2394 2461
2394 2471
2394 2473
2394 2479
2394 2491
2394 2501
2394 2508
2394 2509
2394 2510
2394 2511
2394 2537
2394 2543
2394 2547
2394 2571
2394 2589
2394 2592
2394 2594
2394 2597
2394 2598
2394 2603
2394 2608
2394 2617
2394 2649
2394 2652
2395 2404
2395 2407
2395 2408
2395 2410
2395 2414
2395 2423
2395 2428
2395 2430
2395 2433
2395 2446
2395 2460
2395 2462
2395 2464
2395 2467
2395 2468
2395 2477
2395 2482
2395 2485
2395 2492
2395 2495
2395 2499
2395 2500
2395 2504
2395 2506
2395 2507
2395 2520
2395 2521
2395 2526
2395 2532
2395 2539
2395 2542
2395 2543
2395 2549
2395 2550
2395 2551
2395 2553
2395 2556
2395 2559
2395 2560
2395 2561
2395 2564
2395 2573
2395 2574
2395 2578
2395 2579
2395 2586
2395 2590
2395 2593
2395 2600
2395 2601
2395 2602
2395 2604
2395 2606
2395 2607
2395 2611
2395 2615
2395 2619
2395 2623
2395 2624
2395 2625
2395 2638
2395 2654
2395 2655
2396 2415
2396 2432
2396 2434
2396 2438
2396 2451
2396 2458
2396 2459
2396 2465
2396 2473
2396 2479
2396 2491
2396 2501
2396 2509
2396 2510
2396 2511
2396 2537
2396 2592
2396 2594
2396 2603
2396 2608
2396 2617
2396 2652
2397 2403
2397 2411
2397 2448
2397 2474
2397 2488
2397 2497
2397 2523
2397 2562
2397 2570
2397 2577
2397 2628
2397 2644
2398 2399
2398 2401
2398 2419
2398 2420
2398 2436
2398 2445
2398 2451
2398 2458
2398 2461
2398 2463
2398 2468
2398 2471
2398 2490
2398 2491
2398 2496
2398 2501
2398 2508
2398 2510
2398 2511
2398 2512
2398 2518
2398 2533
2398 2542
2398 2543
2398 2547
2398 2555
2398 2567
2398 2582
2398 2589
2398 2592
2398 2594
2398 2597
2398 2598
2398 2608
2398 2616
2398 2617
2398 2629
2398 2642
2398 2649
2398 2653
2399 2419
2399 2434
2399 2438
2399 2458
2399 2461
2399 2463
2399 2466
2399 2471
2399 2475
2399 2509
2399 2511
2399 2512
2399 2516
2399 2519
2399 2544
2399 2555
2399 2582
2399 2598
2399 2603
2399 2608
2399 2616
2399 2617
2399 2637
2399 2649
2400 2413
2400 2529
2400 2531
2400 2610
2400 2616
2400 2629
2401 2426
2401 2444
2401 2466
2401 2486
2401 2513
2401 2515
2401 2594
2401 2622
2401 2650
2402 2448
2402 2488
2402 2614
2403 2405
2403 2497
2403 2503
2403 2534
2403 2618
2404 2407
2404 2409
2404 2410
2404 2414
2404 2418
2404 2423
2404 2428
2404 2433
2404 2446
2404 2460
2404 2467
2404 2468
2404 2469
2404 2477
2404 2492
2404 2495
2404 2499
2404 2500
2404 2504
2404 2506
2404 2507
2404 2520
2404 2526
2404 2539
2404 2542
2404 2549
2404 2550
2404 2552
2404 2553
2404 2554
2404 2560
2404 2563
2404 2564
2404 2573
2404 2575
2404 2576
2404 2579
2404 2586
2404 2590
2404 2593
2404 2600
2404 2601
2404 2602
2404 2604
2404 2606
2404 2607
2404 2611
2404 2615
2404 2624
2404 2625
2404 2630
2404 2631
2404 2638
2404 2654
2404 2655
2405 2412
2405 2587
2405 2659
2406 2453
2406 2473
2406 2514
2406 2566
2406 2610
2406 2612
2407 2408
2407 2409
2407 2410
2407 2414
2407 2423
2407 2428
2407 2446
2407 2464
2407 2489
2407 2500
2407 2504
2407 2507
2407 2539
2407 2542
2407 2543
2407 2551
2407 2553
2407 2556
2407 2559
2407 2564
2407 2590
2407 2593
2407 2600
2407 2602
2407 2607
2407 2613
2407 2615
2407 2625
2407 2631
2407 2646
2407 2655
2408 2409
2408 2410
2408 2414
2408 2418
2408 2423
2408 2428
2408 2430
2408 2446
2408 2462
2408 2464
2408 2468
2408 2477
2408 2482
2408 2485
2408 2489
2408 2492
2408 2500
2408 2504
2408 2507
2408 2521
2408 2539
2408 2542
2408 2543
2408 2546
2408 2549
2408 2550
2408 2551
2408 2552
2408 2553
2408 2556
2408 2560
2408 2561
2408 2564
2408 2578
2408 2579
2408 2586
2408 2590
2408 2593
2408 2600
2408 2601
2408 2602
2408 2604
2408 2607
2408 2611
2408 2615
2408 2619
2408 2623
2408 2624
2408 2625
2408 2630
2408 2638
2408 2646
2408 2654
2408 2655
2409 2410
2409 2414
2409 2418
2409 2423
2409 2428
2409 2429
2409 2430
2409 2446
2409 2460
2409 2464
2409 2467
2409 2468
2409 2469
2409 2477
2409 2478
2409 2482
2409 2485
2409 2489
2409 2492
2409 2495
2409 2500
2409 2504
2409 2507
2409 2520
2409 2521
2409 2539
2409 2542
2409 2543
2409 2546
2409 2549
2409 2550
2409 2551
2409 2552
2409 2553
2409 2559
2409 2560
2409 2561
2409 2563
2409 2564
2409 2573
2409 2578
2409 2579
2409 2586
2409 2590
2409 2591
2409 2593
2409 2600
2409 2601
2409 2602
2409 2604
2409 2607
2409 2615
2409 2623
2409 2624
2409 2625
2409 2630
2409 2638
2409 2646
2409 2654
2409 2655
2410 2414
2410 2423
2410 2428
2410 2430
2410 2433
2410 2446
2410 2449
2410 2460
2410 2462
2410 2464
2410 2467
2410 2468
2410 2469
2410 2476
2410 2477
2410 2478
2410 2482
2410 2484
2410 2485
2410 2489
2410 2492
2410 2495
2410 2499
2410 2500
2410 2507
2410 2512
2410 2520
2410 2521
2410 2526
2410 2532
2410 2536
2410 2539
2410 2542
2410 2543
2410 2549
2410 2550
2410 2551
2410 2552
2410 2553
2410 2554
2410 2556
2410 2559
2410 2560
2410 2561
2410 2563
2410 2564
2410 2573
2410 2574
2410 2575
2410 2576
2410 2578
2410 2579
2410 2586
2410 2590
2410 2591
2410 2593
2410 2600
2410 2601
2410 2602
2410 2604
2410 2606
2410 2607
2410 2611
2410 2615
2410 2619
2410 2623
2410 2624
2410 2625
2410 2630
2410 2631
2410 2638
2410 2646
2410 2654
2410 2655
2411 2412
2411 2474
2411 2488
2411 2497
2411 2523
2411 2580
2412 2424
2412 2455
2412 2570
2412 2577
2412 2587
2412 2628
2412 2656
2413 2459
2413 2529
2413 2531
2413 2616
2414 2418
2414 2423
2414 2428
2414 2430
2414 2433
2414 2446
2414 2460
2414 2462
2414 2464
2414 2467
2414 2468
2414 2469
2414 2476
2414 2477
2414 2478
2414 2482
2414 2484
2414 2485
2414 2489
2414 2492
2414 2495
2414 2500
2414 2504
2414 2506
2414 2507
2414 2520
2414 2521
2414 2526
2414 2539
2414 2542
2414 2543
2414 2546
2414 2549
2414 2550
2414 2552
2414 2553
2414 2556
2414 2559
2414 2560
2414 2561
2414 2563
2414 2564
2414 2573
2414 2574
2414 2575
2414 2578
2414 2586
2414 2590
2414 2593
2414 2600
2414 2601
2414 2602
2414 2604
2414 2606
2414 2607
2414 2611
2414 2615
2414 2623
2414 2624
2414 2625
2414 2630
2414 2638
2414 2655
2415 2432
2415 2434
2415 2438
2415 2479
2415 2501
2415 2509
2415 2511
2415 2537
2415 2603
2415 2617
2415 2652
2416 2419
2416 2425
2416 2480
2416 2525
2416 2557
2416 2603
2416 2610
2416 2637
2416 2641
2416 2642
2417 2447
2417 2459
2417 2471
2417 2473
2417 2491
2417 2508
2417 2537
2417 2538
2417 2543
2417 2571
2417 2594
2417 2597
2417 2598
2417 2608
2417 2640
2417 2649
2418 2423
2418 2428
2418 2433
2418 2446
2418 2462
2418 2464
2418 2477
2418 2489
2418 2492
2418 2495
2418 2500
2418 2507
2418 2521
2418 2539
2418 2542
2418 2546
2418 2550
2418 2551
2418 2553
2418 2560
2418 2564
2418 2575
2418 2586
2418 2590
2418 2593
2418 2600
2418 2601
2418 2602
2418 2604
2418 2607
2418 2611
2418 2615
2418 2624
2418 2625
2418 2638
2418 2646
2418 2654
2419 2434
2419 2436
2419 2445
2419 2461
2419 2463
2419 2471
2419 2475
2419 2491
2419 2493
2419 2498
2419 2509
2419 2510
2419 2511
2419 2512
2419 2516
2419 2518
2419 2519
2419 2525
2419 2557
2419 2582
2419 2588
2419 2589
2419 2598
2419 2603
2419 2608
2419 2610
2419 2616
2419 2617
2419 2629
2419 2637
2419 2641
2419 2642
2419 2649
2420 2451
2420 2458
2420 2465
2420 2468
2420 2509
2420 2510
2420 2511
2420 2533
2420 2543
2420 2555
2420 2567
2420 2592
2420 2597
2420 2598
2420 2609
2420 2617
2420 2629
2420 2642
2420 2643
2420 2653
2421 2437
2421 2634
2422 2441
2422 2558
2423 2428
2423 2433
2423 2446
2423 2460
2423 2464
2423 2467
2423 2477
2423 2482
2423 2485
2423 2489
2423 2492
2423 2495
2423 2500
2423 2504
2423 2506
2423 2507
2423 2526
2423 2532
2423 2539
2423 2542
2423 2543
2423 2549
2423 2550
2423 2552
2423 2553
2423 2559
2423 2560
2423 2564
2423 2573
2423 2574
2423 2575
2423 2578
2423 2586
2423 2590
2423 2593
2423 2600
2423 2601
2423 2602
2423 2604
2423 2607
2423 2611
2423 2619
2423 2624
2423 2625
2423 2630
2423 2631
2423 2638
2423 2654
2423 2655
2424 2455
2424 2587
2424 2644
2424 2659
2425 2468
2425 2480
2425 2498
2425 2525
2425 2557
2425 2581
2425 2594
2425 2610
2425 2637
2425 2641
2425 2642
2426 2444
2426 2486
2426 2490
2426 2510
2426 2513
2426 2526
2426 2553
2426 2622
2426 2650
2427 2429
2427 2449
2427 2454
2427 2476
2427 2478
2427 2499
2427 2512
2427 2611
2428 2429
2428 2430
2428 2433
2428 2446
2428 2460
2428 2462
2428 2464
2428 2468
2428 2469
2428 2477
2428 2482
2428 2485
2428 2489
2428 2492
2428 2495
2428 2500
2428 2504
2428 2507
2428 2520
2428 2521
2428 2526
2428 2532
2428 2539
2428 2542
2428 2543
2428 2546
2428 2549
2428 2550
2428 2551
2428 2552
2428 2553
2428 2554
2428 2559
2428 2560
2428 2561
2428 2563
2428 2564
2428 2573
2428 2575
2428 2578
2428 2586
2428 2590
2428 2591
2428 2593
2428 2600
2428 2601
2428 2602
2428 2604
2428 2607
2428 2611
2428 2613
2428 2615
2428 2623
2428 2624
2428 2625
2428 2630
2428 2638
2428 2646
2428 2654
2428 2655
2429 2430
2429 2449
2429 2467
2429 2478
2429 2489
2429 2492
2429 2507
2429 2512
2429 2526
2429 2543
2429 2546
2429 2561
2429 2563
2429 2586
2429 2590
2429 2594
2429 2601
2429 2604
2429 2607
2429 2611
2429 2623
2429 2624
2429 2646
2430 2433
2430 2446
2430 2449
2430 2460
2430 2464
2430 2469
2430 2476
2430 2478
2430 2482
2430 2484
2430 2485
2430 2489
2430 2492
2430 2499
2430 2500
2430 2504
2430 2507
2430 2520
2430 2526
2430 2542
2430 2543
2430 2546
2430 2549
2430 2552
2430 2553
2430 2560
2430 2561
2430 2563
2430 2564
2430 2573
2430 2578
2430 2586
2430 2591
2430 2593
2430 2600
2430 2601
2430 2602
2430 2604
2430 2607
2430 2623
2430 2624
2430 2625
2430 2630
2430 2646
2430 2655
2431 2528
2431 2558
2432 2434
2432 2438
2432 2486
2432 2501
2432 2509
2432 2537
2432 2603
2433 2446
2433 2464
2433 2467
2433 2468
2433 2477
2433 2484
2433 2492
2433 2495
2433 2499
2433 2500
2433 2504
2433 2507
2433 2520
2433 2536
2433 2539
2433 2542
2433 2543
2433 2546
2433 2549
2433 2550
2433 2551
2433 2552
2433 2553
2433 2556
2433 2559
2433 2560
2433 2563
2433 2564
2433 2574
2433 2575
2433 2586
2433 2590
2433 2591
2433 2593
2433 2600
2433 2601
2433 2602
2433 2604
2433 2607
2433 2611
2433 2615
2433 2619
2433 2624
2433 2625
2433 2630
2433 2638
2434 2438
2434 2451
2434 2458
2434 2461
2434 2471
2434 2479
2434 2501
2434 2509
2434 2511
2434 2512
2434 2518
2434 2537
2434 2582
2434 2603
2434 2617
2434 2652
2435 2494
2435 2538
2435 2583
2435 2645
2435 2647
2436 2445
2436 2451
2436 2458
2436 2463
2436 2471
2436 2475
2436 2491
2436 2498
2436 2502
2436 2508
2436 2510
2436 2511
2436 2533
2436 2543
2436 2544
2436 2567
2436 2588
2436 2589
2436 2597
2436 2598
2436 2616
2436 2617
2436 2629
2436 2635
2436 2649
2436 2653
2438 2451
2438 2458
2438 2479
2438 2480
2438 2501
2438 2509
2438 2511
2438 2518
2438 2537
2438 2543
2438 2568
2438 2592
2438 2603
2438 2617
2438 2643
2438 2652
2439 2450
2439 2528
2439 2548
2439 2558
2439 2621
2440 2448
2440 2488
2440 2497
2440 2577
2440 2618
2440 2628
2440 2644
2441 2558
2442 2499
2443 2478
2443 2490
2443 2527
2443 2542
2443 2584
2443 2622
2443 2635
2444 2486
2444 2490
2444 2513
2444 2515
2444 2622
2444 2650
2445 2451
2445 2458
2445 2463
2445 2471
2445 2491
2445 2508
2445 2510
2445 2511
2445 2526
2445 2533
2445 2567
2445 2589
2445 2597
2445 2598
2445 2616
2445 2617
2445 2649
2445 2653
2446 2460
2446 2464
2446 2468
2446 2477
2446 2482
2446 2484
2446 2489
2446 2492
2446 2499
2446 2500
2446 2504
2446 2507
2446 2520
2446 2526
2446 2539
2446 2542
2446 2543
2446 2546
2446 2549
2446 2550
2446 2551
2446 2553
2446 2559
2446 2560
2446 2561
2446 2564
2446 2573
2446 2574
2446 2575
2446 2578
2446 2579
2446 2586
2446 2590
2446 2593
2446 2600
2446 2601
2446 2602
2446 2604
2446 2607
2446 2611
2446 2615
2446 2619
2446 2623
2446 2625
2446 2630
2446 2638
2446 2646
2446 2654
2446 2655
2447 2459
2447 2538
2447 2585
2447 2620
2447 2636
2447 2639
2447 2640
2447 2645
2447 2647
2447 2648
2447 2657
2447 2658
2447 2660
2448 2488
2448 2540
2448 2562
2448 2614
2448 2618
2448 2628
2448 2644
2449 2454
2449 2476
2449 2478
2449 2499
2449 2512
2449 2526
2449 2561
2449 2594
2449 2602
2449 2611
2449 2623
2449 2631
2449 2655
2450 2548
2450 2558
2450 2614
2450 2632
2451 2458
2451 2463
2451 2471
2451 2479
2451 2491
2451 2508
2451 2509
2451 2510
2451 2511
2451 2512
2451 2522
2451 2533
2451 2537
2451 2543
2451 2589
2451 2592
2451 2594
2451 2597
2451 2598
2451 2603
2451 2608
2451 2617
2451 2649
2451 2652
2451 2653
2452 2498
2452 2637
2453 2505
2453 2651
2454 2478
2454 2542
2454 2545
2454 2611
2454 2631
2455 2587
2456 2541
2458 2491
2458 2501
2458 2508
2458 2509
2458 2510
2458 2511
2458 2516
2458 2518
2458 2537
2458 2543
2458 2547
2458 2555
2458 2589
2458 2592
2458 2594
2458 2598
2458 2608
2458 2617
2458 2649
2458 2652
2458 2653
2459 2529
2459 2531
2459 2538
2459 2583
2459 2620
2459 2640
2459 2645
2459 2658
2460 2462
2460 2464
2460 2467
2460 2468
2460 2477
2460 2478
2460 2482
2460 2485
2460 2492
2460 2495
2460 2499
2460 2500
2460 2504
2460 2506
2460 2507
2460 2520
2460 2521
2460 2526
2460 2532
2460 2542
2460 2546
2460 2550
2460 2551
2460 2552
2460 2553
2460 2556
2460 2559
2460 2560
2460 2564
2460 2573
2460 2574
2460 2575
2460 2576
2460 2578
2460 2579
2460 2586
2460 2590
2460 2593
2460 2600
2460 2601
2460 2602
2460 2604
2460 2607
2460 2611
2460 2615
2460 2619
2460 2623
2460 2624
2460 2625
2460 2630
2460 2631
2460 2638
2460 2654
2460 2655
2461 2463
2461 2471
2461 2475
2461 2491
2461 2498
2461 2508
2461 2509
2461 2510
2461 2511
2461 2512
2461 2537
2461 2543
2461 2555
2461 2567
2461 2582
2461 2588
2461 2594
2461 2597
2461 2598
2461 2608
2461 2616
2461 2617
2461 2629
2461 2642
2461 2643
2461 2649
2462 2464
2462 2467
2462 2482
2462 2506
2462 2521
2462 2526
2462 2543
2462 2550
2462 2551
2462 2561
2462 2573
2462 2581
2462 2586
2462 2600
2462 2601
2462 2602
2462 2604
2462 2611
2462 2615
2462 2630
2462 2646
2463 2471
2463 2475
2463 2491
2463 2498
2463 2508