2188 2631
2188 2638
2188 2646
2188 2654
2188 2655
2189 2196
2189 2203
2189 2223
2189 2224
2189 2232
2189 2234
2189 2241
2189 2250
2189 2254
2189 2266
2189 2268
2189 2279
2189 2283
2189 2285
2189 2288
2189 2289
2189 2292
2189 2303
2189 2309
2189 2319
2189 2327
2189 2330
2189 2334
2189 2336
2189 2347
2189 2351
2189 2372
2189 2384
2189 2387
2189 2391
2189 2393
2189 2394
2189 2395
2189 2398
2189 2417
2189 2419
2189 2427
2189 2429
2189 2436
2189 2449
2189 2451
2189 2458
2189 2463
2189 2471
2189 2472
2189 2476
2189 2478
2189 2491
2189 2508
2189 2510
2189 2511
2189 2512
2189 2526
2189 2533
2189 2542
2189 2543
2189 2550
2189 2555
2189 2567
2189 2582
2189 2584
2189 2588
2189 2589
2189 2594
2189 2597
2189 2598
2189 2608
2189 2611
2189 2616
2189 2617
2189 2649
2189 2653
2190 2201
2190 2206
2190 2218
2190 2220
2190 2229
2190 2233
2190 2237
2190 2240
2190 2244
2190 2257
2190 2261
2190 2266
2190 2271
2190 2275
2190 2276
2190 2278
2190 2290
2190 2299
2190 2308
2190 2309
2190 2323
2190 2324
2190 2326
2190 2329
2190 2331
2190 2339
2190 2340
2190 2347
2190 2348
2190 2352
2190 2353
2190 2354
2190 2356
2190 2359
2190 2363
2190 2369
2190 2374
2190 2376
2190 2381
2190 2386
2190 2391
2190 2392
2190 2395
2190 2404
2190 2407
2190 2409
2190 2410
2190 2418
2190 2423
2190 2428
2190 2430
2190 2433
2190 2446
2190 2460
2190 2464
2190 2467
2190 2469
2190 2482
2190 2484
2190 2485
2190 2492
2190 2495
2190 2506
2190 2507
2190 2520
2190 2521
2190 2526
2190 2532
2190 2536
2190 2539
2190 2542
2190 2543
2190 2546
2190 2549
2190 2550
2190 2551
2190 2552
2190 2553
2190 2554
2190 2556
2190 2559
2190 2560
2190 2564
2190 2573
2190 2574
2190 2575
2190 2578
2190 2579
2190 2586
2190 2590
2190 2591
2190 2593
2190 2600
2190 2601
2190 2604
2190 2607
2190 2611
2190 2615
2190 2623
2190 2624
2190 2625
2190 2630
2190 2631
2190 2638
2190 2646
2190 2654
2191 2194
2191 2196
2191 2199
2191 2223
2191 2224
2191 2233
2191 2241
2191 2250
2191 2264
2191 2273
2191 2279
2191 2282
2191 2283
2191 2289
2191 2292
2191 2302
2191 2305
2191 2315
2191 2319
2191 2328
2191 2332
2191 2333
2191 2336
2191 2338
2191 2343
2191 2347
2191 2351
2191 2372
2191 2384
2191 2420
2191 2436
2191 2451
2191 2465
2191 2471
2191 2472
2191 2475
2191 2498
2191 2510
2191 2511
2191 2516
2191 2543
2191 2555
2191 2567
2191 2592
2191 2597
2191 2598
2191 2609
2191 2642
2191 2643
2191 2649
2191 2653
2192 2202
2192 2225
2192 2297
2192 2364
2192 2365
2192 2435
2192 2447
2192 2459
2192 2472
2192 2538
2192 2585
2192 2620
2192 2626
2192 2639
2192 2640
2192 2645
2192 2648
2192 2657
2192 2658
2192 2659
2193 2316
2193 2335
2193 2373
2193 2397
2193 2411
2193 2497
2193 2656
2194 2196
2194 2199
2194 2224
2194 2232
2194 2239
2194 2241
2194 2247
2194 2259
2194 2273
2194 2279
2194 2282
2194 2283
2194 2285
2194 2289
2194 2292
2194 2294
2194 2302
2194 2315
2194 2319
2194 2325
2194 2327
2194 2328
2194 2329
2194 2330
2194 2332
2194 2333
2194 2336
2194 2338
2194 2347
2194 2351
2194 2372
2194 2384
2194 2394
2194 2399
2194 2417
2194 2420
2194 2438
2194 2461
2194 2463
2194 2465
2194 2471
2194 2472
2194 2473
2194 2475
2194 2491
2194 2508
2194 2509
2194 2533
2194 2537
2194 2543
2194 2555
2194 2567
2194 2571
2194 2588
2194 2592
2194 2597
2194 2598
2194 2608
2194 2609
2194 2629
2194 2642
2194 2643
2194 2653
2196 2199
2196 2215
2196 2224
2196 2241
2196 2246
2196 2247
2196 2268
2196 2273
2196 2279
2196 2282
2196 2283
2196 2289
2196 2292
2196 2294
2196 2302
2196 2315
2196 2319
2196 2325
2196 2328
2196 2330
2196 2332
2196 2333
2196 2336
2196 2338
2196 2344
2196 2347
2196 2351
2196 2372
2196 2384
2196 2417
2196 2419
2196 2420
2196 2434
2196 2461
2196 2463
2196 2465
2196 2471
2196 2472
2196 2475
2196 2491
2196 2496
2196 2498
2196 2510
2196 2511
2196 2533
2196 2543
2196 2555
2196 2567
2196 2582
2196 2588
2196 2589
2196 2592
2196 2597
2196 2598
2196 2609
2196 2617
2196 2629
2196 2642
2196 2643
2196 2653
2197 2236
2197 2260
2197 2313
2197 2341
2197 2361
2197 2371
2197 2440
2197 2455
2197 2540
2197 2659
2198 2224
2198 2241
2198 2246
2198 2247
2198 2250
2198 2254
2198 2264
2198 2273
2198 2279
2198 2282
2198 2283
2198 2294
2198 2319
2198 2328
2198 2332
2198 2336
2198 2344
2198 2368
2198 2384
2198 2419
2198 2434
2198 2461
2198 2463
2198 2471
2198 2502
2198 2511
2198 2516
2198 2518
2198 2588
2198 2598
2198 2642
2199 2203
2199 2215
2199 2223
2199 2224
2199 2228
2199 2235
2199 2241
2199 2243
2199 2246
2199 2247
2199 2250
2199 2252
2199 2254
2199 2259
2199 2273
2199 2274
2199 2279
2199 2280
2199 2282
2199 2283
2199 2289
2199 2292
2199 2294
2199 2302
2199 2304
2199 2313
2199 2315
2199 2319
2199 2325
2199 2327
2199 2328
2199 2332
2199 2333
2199 2336
2199 2338
2199 2343
2199 2344
2199 2345
2199 2347
2199 2351
2199 2361
2199 2367
2199 2368
2199 2372
2199 2377
2199 2384
2199 2385
2199 2390
2199 2394
2199 2396
2199 2398
2199 2399
2199 2417
2199 2419
2199 2420
2199 2432
2199 2434
2199 2438
2199 2451
2199 2458
2199 2461
2199 2463
2199 2465
2199 2468
2199 2471
2199 2472
2199 2475
2199 2479
2199 2491
2199 2498
2199 2501
2199 2508
2199 2509
2199 2510
2199 2511
2199 2512
2199 2516
2199 2518
2199 2530
2199 2533
2199 2537
2199 2543
2199 2547
2199 2555
2199 2557
2199 2567
2199 2572
2199 2582
2199 2588
2199 2592
2199 2594
2199 2597
2199 2598
2199 2603
2199 2608
2199 2609
2199 2616
2199 2617
2199 2629
2199 2642
2199 2643
2199 2649
2199 2652
2199 2653
2200 2201
2200 2206
2200 2210
2200 2212
2200 2213
2200 2216
2200 2218
2200 2220
2200 2229
2200 2233
2200 2237
2200 2240
2200 2244
2200 2253
2200 2257
2200 2261
2200 2266
2200 2271
2200 2275
2200 2276
2200 2278
2200 2290
2200 2299
2200 2307
2200 2308
2200 2309
2200 2323
2200 2324
2200 2326
2200 2329
2200 2331
2200 2339
2200 2340
2200 2347
2200 2348
2200 2352
2200 2353
2200 2354
2200 2356
2200 2359
2200 2363
2200 2369
2200 2370
2200 2374
2200 2376
2200 2381
2200 2386
2200 2392
2200 2395
2200 2404
2200 2407
2200 2408
2200 2409
2200 2410
2200 2414
2200 2418
2200 2423
2200 2428
2200 2429
2200 2430
2200 2433
2200 2446
2200 2460
2200 2462
2200 2464
2200 2467
2200 2469
2200 2477
2200 2478
2200 2485
2200 2489
2200 2492
2200 2495
2200 2500
2200 2504
2200 2506
2200 2507
2200 2520
2200 2521
2200 2526
2200 2542
2200 2546
2200 2549
2200 2552
2200 2553
2200 2554
2200 2559
2200 2560
2200 2563
2200 2573
2200 2575
2200 2590
2200 2593
2200 2600
2200 2601
2200 2602
2200 2607
2200 2611
2200 2615
2200 2619
2200 2623
2200 2624
2200 2625
2200 2630
2200 2631
2200 2638
2200 2646
2200 2654
2200 2655
2201 2206
2201 2210
2201 2212
2201 2213
2201 2216
2201 2218
2201 2220
2201 2229
2201 2233
2201 2237
2201 2240
2201 2244
2201 2253
2201 2257
2201 2261
2201 2266
2201 2271
2201 2275
2201 2276
2201 2278
2201 2290
2201 2299
2201 2300
2201 2307
2201 2308
2201 2309
2201 2323
2201 2324
2201 2326
2201 2329
2201 2331
2201 2334
2201 2339
2201 2340
2201 2347
2201 2348
2201 2352
2201 2354
2201 2356
2201 2359
2201 2363
2201 2369
2201 2370
2201 2374
2201 2376
2201 2381
2201 2386
2201 2395
2201 2404
2201 2408
2201 2409
2201 2410
2201 2414
2201 2418
2201 2423
2201 2428
2201 2430
2201 2433
2201 2446
2201 2460
2201 2464
2201 2467
2201 2468
2201 2469
2201 2477
2201 2478
2201 2482
2201 2484
2201 2485
2201 2489
2201 2492
2201 2495
2201 2499
2201 2500
2201 2504
2201 2506
2201 2507
2201 2520
2201 2521
2201 2526
2201 2532
2201 2539
2201 2542
2201 2543
2201 2546
2201 2549
2201 2550
2201 2551
2201 2552
2201 2553
2201 2554
2201 2559
2201 2560
2201 2561
2201 2563
2201 2564
2201 2573
2201 2574
2201 2575
2201 2578
2201 2579
2201 2586
2201 2590
2201 2591
2201 2593
2201 2600
2201 2601
2201 2602
2201 2604
2201 2607
2201 2611
2201 2615
2201 2619
2201 2624
2201 2625
2201 2630
2201 2631
2201 2638
2201 2655
2202 2225
2202 2284
2202 2297
2202 2346
2202 2364
2202 2365
2202 2378
2202 2389
2202 2447
2202 2459
2202 2538
2202 2585
2202 2620
2202 2626
2202 2627
2202 2633
2202 2636
2202 2639
2202 2640
2202 2647
2202 2657
2202 2658
2202 2659
2203 2223
2203 2224
2203 2239
2203 2241
2203 2246
2203 2250
2203 2264
2203 2267
2203 2268
2203 2273
2203 2289
2203 2292
2203 2294
2203 2302
2203 2312
2203 2319
2203 2328
2203 2336
2203 2338
2203 2343
2203 2355
2203 2368
2203 2384
2203 2389
2203 2399
2203 2400
2203 2413
2203 2445
2203 2461
2203 2463
2203 2471
2203 2475
2203 2491
2203 2498
2203 2508
2203 2509
2203 2510
2203 2512
2203 2516
2203 2529
2203 2531
2203 2533
2203 2544
2203 2547
2203 2582
2203 2588
2203 2589
2203 2597
2203 2598
2203 2616
2203 2629
2203 2643
2203 2649
2204 2421
2204 2437
2205 2209
2205 2211
2205 2232
2205 2325
2205 2366
2205 2416
2205 2473
2206 2210
2206 2212
2206 2213
2206 2216
2206 2218
2206 2220
2206 2229
2206 2233
2206 2237
2206 2240
2206 2244
2206 2253
2206 2257
2206 2261
2206 2266
2206 2271
2206 2275
2206 2276
2206 2278
2206 2287
2206 2290
2206 2299
2206 2300
2206 2306
2206 2307
2206 2308
2206 2309
2206 2323
2206 2324
2206 2326
2206 2329
2206 2331
2206 2334
2206 2339
2206 2340
2206 2347
2206 2348
2206 2352
2206 2353
2206 2354
2206 2356
2206 2359
2206 2363
2206 2369
2206 2370
2206 2374
2206 2376
2206 2381
2206 2386
2206 2391
2206 2392
2206 2395
2206 2404
2206 2407
2206 2408
2206 2409
2206 2410
2206 2414
2206 2418
2206 2423
2206 2428
2206 2429
2206 2430
2206 2433
2206 2446
2206 2460
2206 2462
2206 2464
2206 2467
2206 2468
2206 2469
2206 2477
2206 2478
2206 2482
2206 2484
2206 2485
2206 2489
2206 2492
2206 2495
2206 2500
2206 2504
2206 2506
2206 2507
2206 2520
2206 2521
2206 2526
2206 2532
2206 2536
2206 2539
2206 2542
2206 2543
2206 2546
2206 2549
2206 2550
2206 2551
2206 2552
2206 2553
2206 2554
2206 2556
2206 2559
2206 2560
2206 2561
2206 2563
2206 2564
2206 2573
2206 2574
2206 2575
2206 2578
2206 2579
2206 2586
2206 2590
2206 2591
2206 2593
2206 2600
2206 2601
2206 2602
2206 2604
2206 2606
2206 2607
2206 2611
2206 2613
2206 2615
2206 2619
2206 2623
2206 2624
2206 2625
2206 2630
2206 2631
2206 2638
2206 2646
2206 2654
2206 2655
2207 2255
2207 2259
2207 2320
2207 2349
2207 2393
2207 2426
2207 2444
2207 2466
2207 2478
2207 2486
2207 2513
2207 2515
2207 2526
2207 2550
2207 2622
2207 2650
2208 2215
2208 2229
2208 2292
2208 2302
2208 2324
2208 2333
2208 2347
2208 2384
2208 2385
2208 2462
2208 2530
2208 2560
2208 2592
2208 2608
2209 2211
2209 2226
2209 2232
2209 2242
2209 2270
2209 2272
2209 2283
2209 2289
2209 2296
2209 2325
2209 2362
2209 2416
2209 2419
2209 2425
2209 2480
2209 2498
2209 2525
2209 2610
2209 2637
2209 2641
2209 2642
2210 2215
2210 2216
2210 2218
2210 2220
2210 2229
2210 2233
2210 2240
2210 2244
2210 2253
2210 2266
2210 2271
2210 2290
2210 2306
2210 2309
2210 2323
2210 2324
2210 2326
2210 2333
2210 2340
2210 2347
2210 2348
2210 2354
2210 2359
2210 2369
2210 2374
2210 2381
2210 2385
2210 2395
2210 2404
2210 2410
2210 2414
2210 2423
2210 2446
2210 2464
2210 2469
2210 2492
2210 2495
2210 2526
2210 2543
2210 2551
2210 2556
2210 2559
2210 2560
2210 2561
2210 2564
2210 2567
2210 2573
2210 2578
2210 2579
2210 2590
2210 2600
2210 2601
2210 2604
2210 2607
2210 2611
2210 2619
2210 2623
2210 2624
2210 2631
2210 2655
2211 2214
2211 2232
2211 2254
2211 2272
2211 2289
2211 2291
2211 2296
2211 2313
2211 2318
2211 2322
2211 2325
2211 2327
2211 2345
2211 2362
2211 2366
2211 2367
2211 2396
2211 2406
2211 2416
2211 2419
2211 2425
2211 2473
2211 2525
2211 2566
2211 2594
2211 2608
2211 2610
2211 2612
2211 2637
2211 2642
2211 2656
2212 2213
2212 2218
2212 2220
2212 2229
2212 2233
2212 2237
2212 2240
2212 2244
2212 2261
2212 2266
2212 2271
2212 2275
2212 2290
2212 2299
2212 2308
2212 2309
2212 2323
2212 2324
2212 2329
2212 2331
2212 2334
2212 2339
2212 2340
2212 2347
2212 2353
2212 2356
2212 2363
2212 2369
2212 2370
2212 2374
2212 2376
2212 2381
2212 2386
2212 2395
2212 2404
2212 2408
2212 2409
2212 2410
2212 2414
2212 2418
2212 2423
2212 2428
2212 2429
2212 2433
2212 2460
2212 2462
2212 2464
2212 2468
2212 2469
2212 2482
2212 2492
2212 2495
2212 2500
2212 2507
2212 2520
2212 2521
2212 2526
2212 2532
2212 2539
2212 2542
2212 2543
2212 2546
2212 2549
2212 2550
2212 2551
2212 2554
2212 2559
2212 2560
2212 2561
2212 2563
2212 2564
2212 2573
2212 2574
2212 2586
2212 2590
2212 2593
2212 2600
2212 2601
2212 2604
2212 2607
2212 2611
2212 2615
2212 2623
2212 2624
2212 2625
2212 2630
2212 2631
2212 2654
2212 2655
2213 2218
2213 2220
2213 2229
2213 2233
2213 2237
2213 2244
2213 2257
2213 2261
2213 2266
2213 2271
2213 2275
2213 2276
2213 2278
2213 2290
2213 2299
2213 2308
2213 2309
2213 2324
2213 2326
2213 2331
2213 2339
2213 2352
2213 2353
2213 2369
2213 2374
2213 2386
2213 2391
2213 2404
2213 2407
2213 2409
2213 2410
2213 2433
2213 2446
2213 2464
2213 2467
2213 2468
2213 2484
2213 2492
2213 2506
2213 2521
2213 2542
2213 2546
2213 2549
2213 2550
2213 2553
2213 2554
2213 2556
2213 2559
2213 2560
2213 2561
2213 2563
2213 2564
2213 2575
2213 2590
2213 2593
2213 2600
2213 2602
2213 2604
2213 2606
2213 2607
2213 2611
2213 2615
2213 2619
2213 2624
2213 2630
2213 2638
2213 2654
2214 2219
2214 2228
2214 2256
2214 2265
2214 2288
2214 2289
2214 2291
2214 2302
2214 2313
2214 2318
2214 2345
2214 2366
2214 2367
2214 2406
2214 2453
2214 2514
2214 2624
2215 2223
2215 2239
2215 2254
2215 2259
2215 2264
2215 2267
2215 2268
2215 2279
2215 2283
2215 2285
2215 2292
2215 2302
2215 2333
2215 2336
2215 2372
2215 2384
2215 2385
2215 2417
2215 2445
2215 2501
2215 2508
2215 2530
2215 2543
2215 2547
2215 2567
2215 2572
2215 2592
2215 2629
2216 2218
2216 2220
2216 2229
2216 2233
2216 2240
2216 2244
2216 2253
2216 2266
2216 2271
2216 2275
2216 2290
2216 2299
2216 2307
2216 2309
2216 2323
2216 2324
2216 2331
2216 2334
2216 2339
2216 2340
2216 2347
2216 2352
2216 2354
2216 2356
2216 2359
2216 2363
2216 2369
2216 2370
2216 2374
2216 2381
2216 2383
2216 2386
2216 2404
2216 2407
2216 2408
2216 2409
2216 2410
2216 2414
2216 2418
2216 2423
2216 2428
2216 2429
2216 2446
2216 2460
2216 2464
2216 2467
2216 2477
2216 2482
2216 2492
2216 2500
2216 2504
2216 2507
2216 2520
2216 2526
2216 2539
2216 2542
2216 2543
2216 2549
2216 2553
2216 2559
2216 2560
2216 2561
2216 2564
2216 2575
2216 2578
2216 2586
2216 2590
2216 2593
2216 2600
2216 2602
2216 2604
2216 2607
2216 2611
2216 2615
2216 2624
2216 2625
2216 2638
2216 2646
2216 2655
2217 2313
2217 2375
2217 2422
2217 2439
2217 2448
2217 2450
2217 2540
2217 2548
2217 2558
2217 2618
2218 2220
2218 2229
2218 2233
2218 2237
2218 2240
2218 2244
2218 2253
2218 2261
2218 2266
2218 2271
2218 2275
2218 2276
2218 2278
2218 2290
2218 2299
2218 2300
2218 2303
2218 2306
2218 2307
2218 2308
2218 2309
2218 2323
2218 2324
2218 2326
2218 2329
2218 2331
2218 2334
2218 2339
2218 2340
2218 2347
2218 2348
2218 2352
2218 2354
2218 2356
2218 2359
2218 2363
2218 2369
2218 2370
2218 2374
2218 2376
2218 2381
2218 2386
2218 2387
2218 2391
2218 2392
2218 2395
2218 2404
2218 2408
2218 2409
2218 2410
2218 2414
2218 2418
2218 2423
2218 2427
2218 2428
2218 2429
2218 2430
2218 2433
2218 2446
2218 2460
2218 2464
2218 2467
2218 2468
2218 2469
2218 2477
2218 2482
2218 2484
2218 2485
2218 2489
2218 2492
2218 2495
2218 2499
2218 2500
2218 2504
2218 2506
2218 2507
2218 2520
2218 2521
2218 2526
2218 2532
2218 2539
2218 2542
2218 2543
2218 2546
2218 2549
2218 2550
2218 2551
2218 2552
2218 2553
2218 2554
2218 2556
2218 2559
2218 2560
2218 2561
2218 2563
2218 2564
2218 2573
2218 2574
2218 2575
2218 2578
2218 2579
2218 2586
2218 2590
2218 2591
2218 2593
2218 2600
2218 2601
2218 2602
2218 2604
2218 2606
2218 2607
2218 2611
2218 2615
2218 2619
2218 2623
2218 2624
2218 2625
2218 2630
2218 2631
2218 2638
2218 2646
2218 2654
2218 2655
2219 2345
2219 2406
2220 2229
2220 2233
2220 2240
2220 2244
2220 2253
2220 2261
2220 2266
2220 2271
2220 2275
2220 2276
2220 2278
2220 2287
2220 2290
2220 2299
2220 2300
2220 2306
2220 2307
2220 2308
2220 2309
2220 2311
2220 2323
2220 2324
2220 2326
2220 2329
2220 2331
2220 2334
2220 2339
2220 2340
2220 2347
2220 2348
2220 2352
2220 2353
2220 2354
2220 2356
2220 2359
2220 2363
2220 2369
2220 2370
2220 2374
2220 2376
2220 2381
2220 2386
2220 2392
2220 2395
2220 2404
2220 2407
2220 2408
2220 2409
2220 2410
2220 2414
2220 2418
2220 2423
2220 2428
2220 2429
2220 2430
2220 2433
2220 2446
2220 2460
2220 2462
2220 2464
2220 2468
2220 2469
2220 2477
2220 2482
2220 2484
2220 2485
2220 2489
2220 2492
2220 2495
2220 2500
2220 2504
2220 2507
2220 2520
2220 2521
2220 2526
2220 2532
2220 2539
2220 2542
2220 2543
2220 2546
2220 2549
2220 2550
2220 2551
2220 2553
2220 2554
2220 2556
2220 2559
2220 2560
2220 2561
2220 2563
2220 2564
2220 2573
2220 2574
2220 2575
2220 2578
2220 2579
2220 2586
2220 2590
2220 2591
2220 2593
2220 2600
2220 2601
2220 2602
2220 2604
2220 2607
2220 2611
2220 2613
2220 2615
2220 2619
2220 2623
2220 2624
2220 2625
2220 2630
2220 2631
2220 2638
2220 2646
2220 2654
2220 2655
2221 2222
2221 2226
2221 2235
2221 2243
2221 2328
2221 2333
2221 2344
2221 2350
2221 2384
2221 2390
2221 2394
2221 2396
2221 2415
2221 2432
2221 2434
2221 2438
2221 2479
2221 2501
2221 2511
2221 2537
2221 2568
2221 2603
2221 2641
2221 2652
2222 2226
2222 2235
2222 2243
2222 2247
2222 2272
2222 2274
2222 2327
2222 2328
2222 2333
2222 2344
2222 2377
2222 2384
2222 2390
2222 2415
2222 2432
2222 2434
2222 2438
2222 2479
2222 2501
2222 2511
2222 2537
2222 2568
2222 2603
2222 2617
2222 2651
2222 2652
2223 2224
2223 2232
2223 2243
2223 2250
2223 2254
2223 2259
2223 2266
2223 2268
2223 2279
2223 2280
2223 2282
2223 2283
2223 2289
2223 2294
2223 2295
2223 2319
2223 2327
2223 2328
2223 2330
2223 2332
2223 2333
2223 2336
2223 2338
2223 2345
2223 2347
2223 2367
2223 2372
2223 2379
2223 2384
2223 2385
2223 2394
2223 2398
2223 2417
2223 2436
2223 2445
2223 2451
2223 2458
2223 2463
2223 2471
2223 2491
2223 2498
2223 2501
2223 2502
2223 2508
2223 2509
2223 2510
2223 2511
2223 2512
2223 2516
2223 2519
2223 2543
2223 2555
2223 2567
2223 2582
2223 2589
2223 2592
2223 2594
2223 2598
2223 2605
2223 2608
2223 2616
2223 2617
2223 2635
2223 2642
2223 2643
2223 2649
2223 2653
2224 2241
2224 2246
2224 2250
2224 2254
2224 2267
2224 2268
2224 2273
2224 2279
2224 2280
2224 2282
2224 2283
2224 2289
2224 2292
2224 2294
2224 2295
2224 2302
2224 2319
2224 2327
2224 2328
2224 2330
2224 2332
2224 2333
2224 2336
2224 2338
2224 2343
2224 2344
2224 2345
2224 2347
2224 2351
2224 2367
2224 2384
2224 2398
2224 2419
2224 2420
2224 2436
2224 2445
2224 2451
2224 2458
2224 2461
2224 2463
2224 2465
2224 2471
2224 2475
2224 2491
2224 2498
2224 2501
2224 2502
2224 2508
2224 2509
2224 2510
2224 2511
2224 2512
2224 2516
2224 2519
2224 2533
2224 2543
2224 2547
2224 2555
2224 2582
2224 2588
2224 2589
2224 2598
2224 2605
2224 2616
2224 2617
2224 2629
2224 2635
2224 2643
2224 2649
2225 2284
2225 2364
2225 2378
2225 2472
2225 2494
2225 2620
2225 2627
2225 2639
2225 2640
2225 2645
2225 2648
2225 2657
2225 2660
2226 2246
2226 2283
2226 2296
2226 2304
2226 2310
2226 2322
2226 2325
2226 2345
2226 2366
2226 2367
2226 2368
2226 2379
2226 2406
2226 2416
2226 2419
2226 2434
2226 2461
2226 2475
2226 2493
2226 2498
2226 2501
2226 2510
2226 2518
2226 2557
2226 2566
2226 2581
2226 2598
2226 2608
2226 2610
2226 2612
2226 2642
2227 2263
2227 2313
2227 2371
2227 2534
2227 2558
2228 2260
2228 2313
2228 2316
2228 2317
2228 2322
2228 2342
2228 2361
2228 2371
2228 2397
2228 2402
2228 2411
2228 2440
2228 2448
2228 2488
2228 2540
2228 2570
2228 2614
2228 2618
2228 2628
2228 2644
2229 2233
2229 2237
2229 2240
2229 2244
2229 2253
2229 2257
2229 2261
2229 2266
2229 2271
2229 2275
2229 2276
2229 2278
2229 2287
2229 2290
2229 2299
2229 2300
2229 2306
2229 2307
2229 2308
2229 2309
2229 2323
2229 2324
2229 2326
2229 2329
2229 2331
2229 2334
2229 2339
2229 2340
2229 2347
2229 2348
2229 2352
2229 2353
2229 2354
2229 2356
2229 2359
2229 2363
2229 2369
2229 2370
2229 2374
2229 2376
2229 2381
2229 2386
2229 2391
2229 2392
2229 2393
2229 2395
2229 2404
2229 2408
2229 2409
2229 2410
2229 2414
2229 2418
2229 2423
2229 2428
2229 2429
2229 2430
2229 2433
2229 2438
2229 2443
2229 2446
2229 2460
2229 2462
2229 2464
2229 2467
2229 2468
2229 2469
2229 2476
2229 2478
2229 2482
2229 2484
2229 2485
2229 2492
2229 2495
2229 2499
2229 2500
2229 2501
2229 2504
2229 2506
2229 2507
2229 2520
2229 2521
2229 2524
2229 2526
2229 2532
2229 2536
2229 2539
2229 2542
2229 2543
2229 2549
2229 2550
2229 2551
2229 2553
2229 2556
2229 2559
2229 2560
2229 2561
2229 2563
2229 2564
2229 2573
2229 2575
2229 2576
2229 2578
2229 2579
2229 2586
2229 2590
2229 2591
2229 2593
2229 2601
2229 2602
2229 2604
2229 2606
2229 2607
2229 2611
2229 2615
2229 2619
2229 2623
2229 2624
2229 2625
2229 2630
2229 2631
2229 2638
2229 2646
2229 2654
2229 2655
2230 2283
2230 2313
2230 2358
2231 2236
2231 2277
2231 2313
2231 2316
2231 2317
2231 2322
2231 2341
2231 2361
2231 2371
2231 2397
2231 2405
2231 2411
2231 2440
2231 2448
2231 2474
2231 2488
2231 2497
2231 2523
2231 2577
2231 2628
2232 2241
2232 2259
2232 2267
2232 2268
2232 2280
2232 2289
2232 2292
2232 2296
2232 2313
2232 2325
2232 2327
2232 2333
2232 2336
2232 2345
2232 2366
2232 2367
2232 2379
2232 2384
2232 2394
2232 2417
2232 2445
2232 2455
2232 2471
2232 2473
2232 2491
2232 2508
2232 2537
2232 2543
2232 2547
2232 2566
2232 2571
2232 2589
2232 2594
2232 2598
2232 2608
2232 2612
2232 2614
2232 2635
2232 2642
2232 2643
2232 2649
2233 2237
2233 2240
2233 2244
2233 2253
2233 2257
2233 2258
2233 2261
2233 2266
2233 2271
2233 2275
2233 2276
2233 2278
2233 2287
2233 2290
2233 2299
2233 2300
2233 2306
2233 2307
2233 2308
2233 2309
2233 2311
2233 2323
2233 2324
2233 2326
2233 2328
2233 2329
2233 2331
2233 2334
2233 2339
2233 2340
2233 2343
2233 2347
2233 2348
2233 2350
2233 2351
2233 2352
2233 2353
2233 2354
2233 2356
2233 2359
2233 2363
2233 2369
2233 2370
2233 2374
2233 2376
2233 2381
2233 2386
2233 2391
2233 2392
2233 2395
2233 2404
2233 2407
2233 2408
2233 2409
2233 2410
2233 2418
2233 2423
2233 2428
2233 2429
2233 2430
2233 2433
2233 2446
2233 2460
2233 2464
2233 2468
2233 2469
2233 2477
2233 2482
2233 2484
2233 2485
2233 2489
2233 2492
2233 2495
2233 2499
2233 2500
2233 2504
2233 2506
2233 2507
2233 2516
2233 2520
2233 2521
2233 2526
2233 2531
2233 2532
2233 2536
2233 2539
2233 2542
2233 2543
2233 2546
2233 2549
2233 2550
2233 2551
2233 2552
2233 2553
2233 2554
2233 2556
2233 2559
2233 2560
2233 2561
2233 2563
2233 2564
2233 2567
2233 2573
2233 2574
2233 2575
2233 2578
2233 2579
2233 2586
2233 2590
2233 2591
2233 2593
2233 2600
2233 2601
2233 2602
2233 2604
2233 2606
2233 2607
2233 2611
2233 2613
2233 2615
2233 2619
2233 2623
2233 2624
2233 2625
2233 2630
2233 2631
2233 2638
2233 2642
2233 2646
2233 2654
2233 2655
2234 2266
2234 2303
2234 2311
2234 2334
2234 2386
2234 2387
2234 2391
2234 2393
2234 2404
2234 2410
2234 2429
2234 2449
2234 2476
2234 2478
2234 2499
2234 2506
2234 2526
2234 2576
2234 2584
2235 2243
2235 2254
2235 2265
2235 2274
2235 2280
2235 2282
2235 2283
2235 2288
2235 2294
2235 2304
2235 2322
2235 2327
2235 2328
2235 2332
2235 2333
2235 2344
2235 2377
2235 2384
2235 2390
2235 2394
2235 2396
2235 2415
2235 2432
2235 2434
2235 2438
2235 2451
2235 2458
2235 2461
2235 2479
2235 2491
2235 2501
2235 2509
2235 2510
2235 2511
2235 2537
2235 2566
2235 2592
2235 2594
2235 2598
2235 2603
2235 2608
2235 2617
2235 2652
2236 2260
2236 2317
2236 2322
2236 2335
2236 2341
2236 2342
2236 2360
2236 2361
2236 2371
2236 2405
2236 2411
2236 2440
2236 2448
2236 2488
2236 2523
2236 2580
2236 2628
2236 2644
2237 2240
2237 2244
2237 2253
2237 2257
2237 2261
2237 2276
2237 2290
2237 2306
2237 2308
2237 2309
2237 2324
2237 2326
2237 2331
2237 2334
2237 2339
2237 2340
2237 2347
2237 2348
2237 2352
2237 2354
2237 2356
2237 2363
2237 2369
2237 2370
2237 2381
2237 2383
2237 2395
2237 2404
2237 2408
2237 2410
2237 2414
2237 2423
2237 2428
2237 2429
2237 2430
2237 2446
2237 2460
2237 2462
2237 2464
2237 2467
2237 2482
2237 2485
2237 2489
2237 2492
2237 2495
2237 2500
2237 2520
2237 2521
2237 2526
2237 2543
2237 2546
2237 2549
2237 2551
2237 2556
2237 2559
2237 2560
223