2296 2366
2296 2367
2296 2379
2296 2406
2296 2416
2296 2425
2296 2473
2296 2498
2296 2566
2296 2581
2296 2610
2296 2612
2296 2642
2297 2337
2297 2364
2297 2365
2297 2378
2297 2435
2297 2447
2297 2494
2297 2538
2297 2585
2297 2620
2297 2627
2297 2633
2297 2640
2297 2647
2297 2659
2298 2325
2298 2425
2298 2480
2298 2502
2298 2516
2298 2543
2298 2582
2298 2605
2298 2637
2299 2300
2299 2307
2299 2308
2299 2309
2299 2323
2299 2324
2299 2326
2299 2331
2299 2339
2299 2340
2299 2347
2299 2348
2299 2352
2299 2353
2299 2354
2299 2356
2299 2359
2299 2363
2299 2369
2299 2370
2299 2374
2299 2381
2299 2392
2299 2395
2299 2404
2299 2409
2299 2410
2299 2414
2299 2418
2299 2423
2299 2428
2299 2430
2299 2433
2299 2462
2299 2464
2299 2467
2299 2477
2299 2484
2299 2492
2299 2495
2299 2499
2299 2500
2299 2504
2299 2506
2299 2507
2299 2520
2299 2526
2299 2542
2299 2546
2299 2549
2299 2551
2299 2553
2299 2554
2299 2559
2299 2560
2299 2563
2299 2564
2299 2573
2299 2575
2299 2578
2299 2579
2299 2586
2299 2590
2299 2591
2299 2593
2299 2600
2299 2601
2299 2602
2299 2604
2299 2607
2299 2611
2299 2615
2299 2619
2299 2624
2299 2625
2299 2630
2299 2631
2299 2638
2299 2654
2299 2655
2300 2303
2300 2309
2300 2323
2300 2326
2300 2331
2300 2334
2300 2339
2300 2347
2300 2350
2300 2353
2300 2354
2300 2369
2300 2370
2300 2374
2300 2376
2300 2383
2300 2387
2300 2391
2300 2392
2300 2395
2300 2404
2300 2410
2300 2414
2300 2423
2300 2428
2300 2429
2300 2446
2300 2449
2300 2460
2300 2464
2300 2468
2300 2469
2300 2476
2300 2478
2300 2482
2300 2485
2300 2499
2300 2506
2300 2542
2300 2543
2300 2545
2300 2549
2300 2550
2300 2556
2300 2561
2300 2564
2300 2575
2300 2576
2300 2590
2300 2593
2300 2601
2300 2602
2300 2604
2300 2611
2300 2619
2300 2630
2300 2631
2300 2638
2300 2646
2301 2487
2301 2535
2301 2570
2302 2315
2302 2319
2302 2324
2302 2328
2302 2330
2302 2332
2302 2333
2302 2336
2302 2338
2302 2347
2302 2351
2302 2372
2302 2377
2302 2384
2302 2385
2302 2420
2302 2429
2302 2436
2302 2461
2302 2462
2302 2463
2302 2465
2302 2468
2302 2471
2302 2472
2302 2475
2302 2491
2302 2502
2302 2510
2302 2511
2302 2512
2302 2530
2302 2533
2302 2543
2302 2544
2302 2547
2302 2555
2302 2567
2302 2581
2302 2592
2302 2597
2302 2598
2302 2609
2302 2629
2302 2642
2302 2643
2302 2653
2303 2339
2303 2376
2303 2387
2303 2391
2303 2393
2303 2449
2303 2476
2303 2478
2303 2526
2304 2310
2304 2327
2304 2328
2304 2333
2304 2344
2304 2355
2304 2368
2304 2377
2304 2384
2304 2389
2304 2394
2304 2396
2304 2399
2304 2432
2304 2434
2304 2438
2304 2461
2304 2471
2304 2475
2304 2501
2304 2509
2304 2510
2304 2511
2304 2512
2304 2516
2304 2518
2304 2537
2304 2555
2304 2594
2304 2598
2304 2603
2304 2608
2304 2617
2304 2642
2305 2336
2305 2372
2305 2385
2305 2572
2306 2308
2306 2309
2306 2324
2306 2326
2306 2329
2306 2334
2306 2339
2306 2340
2306 2348
2306 2352
2306 2354
2306 2356
2306 2369
2306 2381
2306 2395
2306 2409
2306 2410
2306 2414
2306 2428
2306 2430
2306 2446
2306 2460
2306 2482
2306 2489
2306 2500
2306 2504
2306 2507
2306 2520
2306 2521
2306 2526
2306 2532
2306 2539
2306 2542
2306 2543
2306 2546
2306 2549
2306 2550
2306 2556
2306 2559
2306 2560
2306 2561
2306 2564
2306 2573
2306 2578
2306 2579
2306 2586
2306 2593
2306 2601
2306 2602
2306 2604
2306 2623
2306 2624
2306 2630
2306 2638
2306 2646
2306 2655
2307 2308
2307 2309
2307 2324
2307 2326
2307 2329
2307 2331
2307 2339
2307 2340
2307 2348
2307 2352
2307 2353
2307 2356
2307 2363
2307 2369
2307 2370
2307 2374
2307 2376
2307 2381
2307 2386
2307 2395
2307 2408
2307 2409
2307 2410
2307 2414
2307 2418
2307 2423
2307 2428
2307 2430
2307 2433
2307 2446
2307 2460
2307 2464
2307 2467
2307 2469
2307 2482
2307 2492
2307 2500
2307 2504
2307 2507
2307 2520
2307 2521
2307 2526
2307 2542
2307 2549
2307 2553
2307 2556
2307 2559
2307 2560
2307 2561
2307 2563
2307 2564
2307 2573
2307 2574
2307 2575
2307 2578
2307 2579
2307 2586
2307 2590
2307 2591
2307 2600
2307 2601
2307 2602
2307 2604
2307 2606
2307 2607
2307 2615
2307 2619
2307 2624
2307 2625
2307 2630
2307 2638
2307 2655
2308 2309
2308 2323
2308 2324
2308 2326
2308 2331
2308 2339
2308 2340
2308 2347
2308 2348
2308 2352
2308 2354
2308 2356
2308 2363
2308 2369
2308 2370
2308 2374
2308 2381
2308 2386
2308 2392
2308 2395
2308 2404
2308 2408
2308 2409
2308 2410
2308 2414
2308 2423
2308 2428
2308 2429
2308 2430
2308 2446
2308 2460
2308 2462
2308 2464
2308 2467
2308 2469
2308 2478
2308 2482
2308 2484
2308 2489
2308 2492
2308 2500
2308 2507
2308 2520
2308 2526
2308 2532
2308 2539
2308 2542
2308 2549
2308 2550
2308 2553
2308 2554
2308 2556
2308 2559
2308 2560
2308 2564
2308 2573
2308 2578
2308 2586
2308 2590
2308 2600
2308 2601
2308 2602
2308 2604
2308 2607
2308 2611
2308 2615
2308 2623
2308 2624
2308 2625
2308 2630
2308 2638
2308 2646
2308 2654
2308 2655
2309 2323
2309 2324
2309 2326
2309 2329
2309 2331
2309 2334
2309 2339
2309 2340
2309 2347
2309 2348
2309 2352
2309 2353
2309 2354
2309 2356
2309 2359
2309 2363
2309 2369
2309 2370
2309 2374
2309 2376
2309 2381
2309 2386
2309 2391
2309 2392
2309 2395
2309 2404
2309 2408
2309 2409
2309 2410
2309 2414
2309 2418
2309 2423
2309 2428
2309 2430
2309 2433
2309 2446
2309 2460
2309 2462
2309 2464
2309 2467
2309 2468
2309 2469
2309 2476
2309 2477
2309 2478
2309 2482
2309 2484
2309 2485
2309 2492
2309 2495
2309 2499
2309 2500
2309 2506
2309 2507
2309 2520
2309 2521
2309 2524
2309 2526
2309 2532
2309 2539
2309 2542
2309 2543
2309 2549
2309 2550
2309 2551
2309 2552
2309 2553
2309 2554
2309 2556
2309 2559
2309 2560
2309 2561
2309 2563
2309 2564
2309 2573
2309 2574
2309 2575
2309 2578
2309 2579
2309 2586
2309 2590
2309 2593
2309 2600
2309 2601
2309 2602
2309 2604
2309 2605
2309 2607
2309 2611
2309 2615
2309 2619
2309 2624
2309 2625
2309 2630
2309 2631
2309 2638
2309 2646
2309 2654
2309 2655
2310 2318
2310 2325
2310 2416
2310 2419
2310 2461
2310 2525
2310 2540
2310 2557
2310 2603
2311 2324
2311 2326
2311 2334
2311 2340
2311 2354
2311 2395
2311 2404
2311 2409
2311 2410
2311 2428
2311 2430
2311 2446
2311 2460
2311 2462
2311 2485
2311 2489
2311 2500
2311 2507
2311 2521
2311 2526
2311 2539
2311 2560
2311 2625
2311 2646
2312 2319
2312 2355
2312 2384
2312 2389
2312 2400
2312 2413
2312 2529
2312 2531
2312 2610
2312 2616
2313 2317
2313 2322
2313 2325
2313 2342
2313 2358
2313 2361
2313 2366
2313 2371
2313 2375
2313 2376
2313 2380
2313 2388
2313 2402
2313 2406
2313 2411
2313 2422
2313 2431
2313 2433
2313 2439
2313 2440
2313 2441
2313 2443
2313 2448
2313 2450
2313 2456
2313 2488
2313 2528
2313 2534
2313 2540
2313 2548
2313 2558
2313 2562
2313 2581
2313 2614
2313 2618
2313 2621
2313 2628
2313 2632
2313 2644
2313 2656
2314 2335
2314 2397
2314 2403
2314 2474
2314 2497
2314 2503
2314 2534
2314 2540
2315 2319
2315 2330
2315 2332
2315 2333
2315 2338
2315 2347
2315 2351
2315 2372
2315 2384
2315 2417
2315 2420
2315 2451
2315 2465
2315 2472
2315 2491
2315 2533
2315 2543
2315 2555
2315 2567
2315 2571
2315 2589
2315 2592
2315 2597
2315 2598
2315 2609
2315 2629
2315 2642
2315 2643
2316 2360
2316 2402
2316 2577
2316 2597
2317 2342
2317 2360
2317 2361
2317 2371
2317 2402
2317 2411
2317 2412
2317 2440
2317 2448
2317 2456
2317 2474
2317 2488
2317 2540
2317 2577
2317 2580
2317 2587
2317 2618
2317 2628
2317 2644
2318 2325
2318 2362
2318 2406
2318 2415
2318 2416
2318 2419
2318 2425
2318 2480
2318 2525
2318 2557
2318 2637
2318 2642
2318 2651
2319 2328
2319 2330
2319 2333
2319 2336
2319 2338
2319 2343
2319 2344
2319 2347
2319 2351
2319 2355
2319 2372
2319 2384
2319 2394
2319 2398
2319 2400
2319 2419
2319 2420
2319 2436
2319 2445
2319 2451
2319 2458
2319 2461
2319 2463
2319 2471
2319 2475
2319 2491
2319 2496
2319 2498
2319 2508
2319 2510
2319 2511
2319 2512
2319 2516
2319 2529
2319 2533
2319 2543
2319 2567
2319 2589
2319 2592
2319 2594
2319 2597
2319 2598
2319 2616
2319 2617
2319 2629
2319 2643
2319 2649
2319 2653
2320 2349
2320 2401
2320 2426
2320 2444
2320 2486
2320 2490
2320 2515
2320 2622
2320 2650
2321 2341
2321 2581
2322 2325
2322 2335
2322 2361
2322 2366
2322 2371
2322 2397
2322 2406
2322 2411
2322 2412
2322 2419
2322 2440
2322 2473
2322 2557
2322 2562
2322 2566
2322 2577
2322 2610
2322 2612
2322 2642
2322 2656
2323 2324
2323 2326
2323 2331
2323 2339
2323 2340
2323 2347
2323 2348
2323 2352
2323 2353
2323 2354
2323 2356
2323 2359
2323 2363
2323 2370
2323 2374
2323 2376
2323 2381
2323 2386
2323 2391
2323 2392
2323 2395
2323 2404
2323 2407
2323 2408
2323 2409
2323 2410
2323 2414
2323 2418
2323 2423
2323 2428
2323 2429
2323 2430
2323 2433
2323 2446
2323 2460
2323 2462
2323 2464
2323 2467
2323 2469
2323 2477
2323 2484
2323 2485
2323 2495
2323 2500
2323 2504
2323 2506
2323 2507
2323 2520
2323 2521
2323 2536
2323 2539
2323 2542
2323 2543
2323 2546
2323 2549
2323 2550
2323 2551
2323 2552
2323 2553
2323 2554
2323 2559
2323 2560
2323 2561
2323 2563
2323 2564
2323 2573
2323 2574
2323 2575
2323 2586
2323 2590
2323 2591
2323 2593
2323 2600
2323 2601
2323 2602
2323 2604
2323 2607
2323 2611
2323 2615
2323 2619
2323 2624
2323 2625
2323 2630
2323 2631
2323 2638
2323 2655
2324 2326
2324 2329
2324 2331
2324 2334
2324 2339
2324 2340
2324 2347
2324 2348
2324 2353
2324 2354
2324 2356
2324 2359
2324 2363
2324 2368
2324 2369
2324 2370
2324 2376
2324 2381
2324 2386
2324 2392
2324 2395
2324 2404
2324 2407
2324 2408
2324 2409
2324 2410
2324 2414
2324 2418
2324 2428
2324 2430
2324 2433
2324 2446
2324 2460
2324 2462
2324 2464
2324 2467
2324 2469
2324 2482
2324 2484
2324 2485
2324 2489
2324 2492
2324 2495
2324 2499
2324 2500
2324 2506
2324 2507
2324 2520
2324 2521
2324 2526
2324 2530
2324 2532
2324 2539
2324 2542
2324 2543
2324 2549
2324 2550
2324 2551
2324 2552
2324 2553
2324 2556
2324 2559
2324 2560
2324 2561
2324 2563
2324 2564
2324 2573
2324 2575
2324 2578
2324 2579
2324 2581
2324 2586
2324 2590
2324 2591
2324 2593
2324 2600
2324 2601
2324 2602
2324 2604
2324 2607
2324 2611
2324 2615
2324 2619
2324 2623
2324 2624
2324 2625
2324 2630
2324 2631
2324 2638
2324 2646
2324 2654
2324 2655
2325 2328
2325 2343
2325 2351
2325 2362
2325 2366
2325 2367
2325 2379
2325 2406
2325 2416
2325 2419
2325 2425
2325 2452
2325 2463
2325 2473
2325 2475
2325 2480
2325 2498
2325 2502
2325 2509
2325 2525
2325 2544
2325 2555
2325 2557
2325 2588
2325 2589
2325 2603
2325 2612
2325 2637
2325 2642
2326 2331
2326 2334
2326 2339
2326 2340
2326 2347
2326 2348
2326 2352
2326 2354
2326 2356
2326 2359
2326 2363
2326 2369
2326 2370
2326 2374
2326 2376
2326 2381
2326 2383
2326 2386
2326 2392
2326 2395
2326 2404
2326 2408
2326 2409
2326 2410
2326 2414
2326 2418
2326 2423
2326 2428
2326 2430
2326 2446
2326 2460
2326 2464
2326 2467
2326 2468
2326 2477
2326 2482
2326 2484
2326 2485
2326 2489
2326 2492
2326 2495
2326 2499
2326 2500
2326 2504
2326 2507
2326 2520
2326 2521
2326 2526
2326 2539
2326 2542
2326 2546
2326 2549
2326 2551
2326 2552
2326 2553
2326 2556
2326 2559
2326 2560
2326 2561
2326 2563
2326 2564
2326 2573
2326 2574
2326 2575
2326 2578
2326 2579
2326 2586
2326 2590
2326 2591
2326 2593
2326 2600
2326 2601
2326 2602
2326 2604
2326 2607
2326 2611
2326 2615
2326 2619
2326 2623
2326 2624
2326 2625
2326 2630
2326 2638
2326 2646
2326 2654
2326 2655
2327 2328
2327 2332
2327 2333
2327 2338
2327 2343
2327 2344
2327 2345
2327 2351
2327 2367
2327 2368
2327 2372
2327 2377
2327 2379
2327 2384
2327 2390
2327 2394
2327 2396
2327 2398
2327 2415
2327 2417
2327 2419
2327 2434
2327 2436
2327 2438
2327 2451
2327 2458
2327 2461
2327 2463
2327 2468
2327 2471
2327 2473
2327 2479
2327 2491
2327 2508
2327 2509
2327 2510
2327 2511
2327 2516
2327 2533
2327 2537
2327 2543
2327 2547
2327 2555
2327 2567
2327 2589
2327 2592
2327 2597
2327 2598
2327 2603
2327 2617
2327 2629
2327 2643
2327 2649
2327 2652
2328 2332
2328 2333
2328 2336
2328 2338
2328 2343
2328 2344
2328 2351
2328 2368
2328 2372
2328 2377
2328 2384
2328 2390
2328 2394
2328 2396
2328 2398
2328 2399
2328 2415
2328 2419
2328 2420
2328 2427
2328 2429
2328 2432
2328 2434
2328 2438
2328 2445
2328 2451
2328 2458
2328 2461
2328 2463
2328 2471
2328 2475
2328 2479
2328 2491
2328 2498
2328 2501
2328 2509
2328 2510
2328 2511
2328 2512
2328 2516
2328 2525
2328 2529
2328 2531
2328 2533
2328 2537
2328 2542
2328 2543
2328 2544
2328 2555
2328 2557
2328 2567
2328 2582
2328 2588
2328 2592
2328 2594
2328 2598
2328 2603
2328 2608
2328 2616
2328 2617
2328 2629
2328 2642
2328 2643
2328 2649
2328 2652
2329 2331
2329 2339
2329 2340
2329 2347
2329 2354
2329 2359
2329 2363
2329 2369
2329 2374
2329 2395
2329 2410
2329 2414
2329 2423
2329 2428
2329 2433
2329 2446
2329 2460
2329 2462
2329 2464
2329 2467
2329 2468
2329 2477
2329 2492
2329 2495
2329 2500
2329 2504
2329 2506
2329 2507
2329 2536
2329 2542
2329 2543
2329 2546
2329 2551
2329 2559
2329 2560
2329 2563
2329 2574
2329 2578
2329 2586
2329 2590
2329 2593
2329 2601
2329 2602
2329 2604
2329 2607
2329 2611
2329 2613
2329 2615
2329 2619
2329 2623
2329 2624
2329 2625
2329 2638
2330 2336
2330 2350
2330 2384
2330 2417
2330 2436
2330 2445
2330 2451
2330 2463
2330 2491
2330 2510
2330 2588
2330 2589
2330 2597
2330 2598
2330 2616
2330 2617
2330 2649
2331 2334
2331 2339
2331 2340
2331 2347
2331 2348
2331 2352
2331 2353
2331 2354
2331 2356
2331 2359
2331 2363
2331 2369
2331 2374
2331 2376
2331 2381
2331 2386
2331 2391
2331 2395
2331 2404
2331 2407
2331 2408
2331 2409
2331 2410
2331 2414
2331 2418
2331 2423
2331 2428
2331 2430
2331 2433
2331 2446
2331 2460
2331 2462
2331 2464
2331 2467
2331 2468
2331 2469
2331 2482
2331 2484
2331 2485
2331 2492
2331 2495
2331 2499
2331 2500
2331 2501
2331 2504
2331 2506
2331 2507
2331 2520
2331 2526
2331 2532
2331 2539
2331 2542
2331 2543
2331 2546
2331 2549
2331 2550
2331 2552
2331 2553
2331 2554
2331 2556
2331 2559
2331 2560
2331 2561
2331 2564
2331 2573
2331 2574
2331 2578
2331 2579
2331 2586
2331 2590
2331 2591
2331 2593
2331 2600
2331 2601
2331 2602
2331 2604
2331 2606
2331 2607
2331 2611
2331 2613
2331 2615
2331 2619
2331 2623
2331 2624
2331 2625
2331 2630
2331 2631
2331 2638
2331 2654
2331 2655
2332 2333
2332 2336
2332 2338
2332 2347
2332 2351
2332 2368
2332 2372
2332 2384
2332 2385
2332 2399
2332 2434
2332 2438
2332 2458
2332 2463
2332 2465
2332 2473
2332 2475
2332 2508
2332 2509
2332 2510
2332 2511
2332 2512
2332 2533
2332 2543
2332 2555
2332 2567
2332 2572
2332 2582
2332 2592
2332 2597
2332 2598
2332 2608
2332 2609
2332 2629
2332 2642
2332 2643
2332 2649
2332 2653
2333 2336
2333 2338
2333 2343
2333 2344
2333 2347
2333 2351
2333 2372
2333 2377
2333 2384
2333 2390
2333 2394
2333 2396
2333 2399
2333 2415
2333 2419
2333 2420
2333 2432
2333 2434
2333 2438
2333 2451
2333 2458
2333 2461
2333 2463
2333 2465
2333 2471
2333 2472
2333 2475
2333 2479
2333 2491
2333 2498
2333 2501
2333 2508
2333 2509
2333 2510
2333 2511
2333 2512
2333 2529
2333 2530
2333 2533
2333 2537
2333 2543
2333 2555
2333 2567
2333 2582
2333 2592
2333 2594
2333 2597
2333 2598
2333 2603
2333 2608
2333 2616
2333 2617
2333 2629
2333 2642
2333 2643
2333 2652
2333 2653
2334 2339
2334 2347
2334 2348
2334 2354
2334 2356
2334 2363
2334 2369
2334 2374
2334 2376
2334 2386
2334 2387
2334 2391
2334 2393
2334 2395
2334 2409
2334 2410
2334 2428
2334 2429
2334 2430
2334 2433
2334 2446
2334 2449
2334 2460
2334 2464
2334 2467
2334 2468
2334 2469
2334 2471
2334 2477
2334 2478
2334 2482
2334 2485
2334 2489
2334 2492
2334 2500
2334 2504
2334 2507
2334 2520
2334 2526
2334 2539
2334 2542
2334 2543
2334 2546
2334 2550
2334 2551
2334 2556
2334 2559
2334 2560
2334 2561
2334 2564
2334 2573
2334 2575
2334 2578
2334 2586
2334 2593
2334 2601
2334 2602
2334 2604
2334 2611
2334 2615
2334 2619
2334 2623
2334 2625
2334 2631
2334 2646
2334 2654
2334 2655
2335 2361
2335 2371
2335 2403
2335 2411
2335 2440
2335 2474
2335 2488
2335 2497
2335 2503
2335 2523
2335 2534
2336 2338
2336 2343
2336 2344
2336 2347
2336 2351
2336 2366
2336 2368
2336 2372
2336 2379
2336 2384
2336 2385
2336 2394
2336 2398
2336 2417
2336 2419
2336 2420
2336 2434
2336 2436
2336 2445
2336 2451
2336 2458
2336 2461
2336 2463
2336 2471
2336 2472
2336 2491
2336 2498
2336 2501
2336 2502
2336 2508
2336 2509
2336 2510
2336 2511
2336 2516
2336 2519
2336 2533
2336 2537
2336 2543
2336 2547
2336 2555
2336 2567
2336 2572
2336 2582
2336 2588
2336 2589
2336 2592
2336 2597
2336 2598
2336 2616
2336 2617
2336 2629
2336 2642
2336 2643
2336 2649
2336 2653
2337 2346
2337 2364
2337 2365
2337 2378
2337 2435
2337 2447
2337 2494
2337 2538
2337 2583
2337 2639
2337 2640
2337 2645
2337 2647
2338 2343
2338 2344
2338 2347
2338 2351
2338 2372
2338 2377
2338 2384
2338 2398
2338 2420
2338 2436
2338 2458
2338 2461
2338 2465
2338 2468
2338 2475
2338 2496
2338 2508
2338 2510
2338 2511
2338 2512
2338 2516
2338 2529
2338 2533
2338 2543
2338 2547
2338 2555
2338 2567
2338 2592
2338 2594
2338 2597
2338 2598
2338 2609
2338 2617
2338 2629
2338 2643
2338 2649
2339 2340
2339 2347
2339 2348
2339 2352
2339 2354
2339 2356
2339 2359
2339 2363
2339 2369
2339 2370
2339 2374
2339 2376
2339 2381
2339 2383
2339 2386
2339 2391
2339 2392
2339 2395
2339 2404
2339 2408
2339 2409
2339 2410
2339 2414
2339 2418
2339 2428
2339 2429
2339 2430
2339 2433
2339 2446
2339 2449
2339 2460
2339 2464
2339 2467
2339 2468
2339 2469
2339 2477
2339 2482
2339 2485
2339 2489
2339 2500
2339 2504
2339 2506
2339 2507
2339 2520
2339 2521
2339 2526
2339 2532
2339 2546
2339 2549
2339 2550
2339 2551
2339 2552
2339 2553
2339 2554
2339 2556
2339 2559
2339 2560
2339 2561
2339 2563
2339 2564
2339 2573
2339 2575
2339 2576
2339 2578
2339 2579
2339 2586
2339 2590
2339 2593
2339 2600
2339 2601
2339 2602
2339 2604
2339 2606
2339 2607
2339 2615
2339 2623
2339 2624
2339 2630
2339 2631
2339 2638
2339 2646
2339 2654
2339 2655
2340 2347
2340 2348
2340 2352
2340 2354
2340 2356
2340 2359
2340 2363
2340 2369
2340 2370
2340 2374
2340 2376
2340 2381
2340 2383
2340 2386
2340 2395
2340 2404
2340 2407
2340 2408
2340 2409
2340 2410
2340 2414
2340 2418
2340 2423
2340 2428
2340 2429
2340 2430
2340 2433
2340 2446
2340 2460
2340 2464
2340 2467
2340 2468
2340 2469
2340 2477
2340 2478
2340 2482
2340 2484
2340 2485
2340 2489
2340 2492
2340 2495
2340 2500
2340 2504
2340 2506
2340 2507
2340 2520
2340 2521
2340 2526
2340 2532
2340 2536
2340 2539
2340 2542
2340 2543
2340 2546
2340 2549
2340 2550
2340 2551
2340 2552
2340 2553
2340 2554
2340 2556
2340 2559
2340 2560
2340 2561
2340 2563
2340 2564
2340 2573
2340 2574
2340 2575
2340 2578
2340 2579
2340 2586
2340 2590
2340 2591
2340 2593
2340 2600
2340 2601
2340 2602
2340 2604
2340 2607
2340 2611
2340 2613
2340 2615
2340 2619
2340 2623
2340 2624
2340 2625
2340 2630
2340 2631
2340 2638
2340 2646
2340 2654
2340 2655
2341 2361
2341 2412
2341 2455
2341 2456
2341 2659
2342 2371
2342 2397
2342 2402
2342 2411
2342 2448
2342 2450
2342 2456
2342 2488
2342 2540
2342 2562
2342 2618
2342 2628
2342 2632
2342 2644
2343 2344
2343 2351
2343 2384
2343 2419
2343 2436
2343 2458
2343 2461
2343 2463
2343 2471
2343 2475
2343 2491
2343 2498
2343 2509
2343 2516
2343 2530
2343 2536
2343 2582
2343 2588
2343 2598
2343 2616
2343 2629
2343 2649
2344 2345
2344 2347
2344 2355
2344 2377
2344 2384
2344 2390
2344 2394
2344 2396
2344 2399
2344 2415
2344 2419
2344 2432
2344 2434
2344 2436
2344 2438
2344 2451
2344 2461
2344 2463
2344 2468
2344 2471
2344 2475
2344 2479
2344 2498
2344 2501
2344 2509
2344 2511
2344 2512
2344 2516
2344 2519
2344 2537
2344 2555
2344 2582
2344 2588
2344 2592
2344 2594
2344 2598
2344 2603
2344 2616
2344 2617
2344 2629
2344 2637
2344 2642
2344 2652
2345 2366
2345 2367
2345 2379
2345 2394
2345 2406
2345 2443
2345 2449
2345 2453
2345 2461
2345 2468
2345 2491
2345 2510
2345 2537
2345 2555
2345 2560
2345 2566
2345 2594
2345 2598
2345 2610
2345 2612
2345 2617
2345 2635
2346 2364
2346 2365
2346 2378
2346 2389
2346 2435
2346 2538
2346 2583
2346 2585
2346 2620
2346 2626
2346 2633
2346 2636
2346 2640
2346 2645
2346 2657
2346 2658
2346 2659
2347 2348
2347 2351
2347 2354
2347 2356
2347 2363
2347 2369
2347 2370
2347 2372
2347 2374
2347 2376
2347 2377
2347 2381
2347 2384
2347 2386
2347 2387
2347 2395
2347 2398
2347 2399
2347 2404
2347 2407
2347 2408
2347 2409
2347 2410
2347 2414
2347 2418
2347 2419
2347 2420
2347 2423
2347 2427
2347 2428
2347 2429
2347 2430
2347 2433
2347 2436
2347 2446
2347 2451
2347 2460
2347 2462
2347 2463
2347 2464
2347 2467
2347 2468
2347 2469
2347 2471
2347 2472
2347 2475
2347 2482
2347 2484
2347 2485
2347 2489
2347 2491
2347 2492
2347 2499
2347 2500
2347 2506
2347 2507
2347 2508
2347 2510
2347 2511
2347 2518
2347 2521
2347 2522
2347 2526
2347 2530
2347 2533
2347 2539
2347 2542
2347 2543
2347 2546
2347 2547
2347 2550
2347 2551
2347 2554
2347 2555
2347 2556
2347 2559
2347 2560
2347 2561
2347 2563
2347 2567
2347 2573
2347 2574
2347 2575
2347 2578
2347 2579
2347 2582
2347 2586
2347 2590
2347 2591
2347 2592
2347 2593
2347 2597
2347 2598
2347 2600
2347 2601
2347 2602
2347 2604
2347 2606
2347 2607
2347 2609
2347 2611
2347 2615
2347 2619
2347 2623
2347 2624
2347 2625
2347 2629
2347 2630
2347 2631
2347 2638
2347 2643
2347 2646
2347 2653
2347 2655
2348 2352
2348 2354
2348 2356
2348 2369
2348 2376
2348 2381
2348 2385
2348 2386
2348 2395
2348 2409
2348 2410
2348 2414
2348 2423
2348 2428
2348 2430
2348 2446
2348 2460
2348 2464
2348 2467
2348 2468
2348 2469
2348 2478
2348 2482
2348 2492
2348 2495
2348 2506
2348 2507
2348 2520
2348 2521
2348 2532
2348 2539
2348 2542
2348 2543
2348 2549
2348 2550
2348 2551
2348 2553
2348 2556
2348 2559
2348 2560
2348 2561
2348 2564
2348 2573
2348 2578
2348 2579
2348 2586
2348 2590
2348 2593
2348 2600
2348 2601
2348 2602
2348 2604
2348 2607
2348 2611
2348 2615
2348 2619
2348 2623
2348 2624
2348 2625
2348 2630
2348 2631
2348 2638
2348 2646
2348 2654
2348 2655
2349 2401
2349 2426
2349 2444
2349 2466
2349 2486
2349 2490
2349 2513
2349 2515
2349 2622
2349 2650
2350 2363
2350 2391
2350 2404
2350 2410
2350 2542
2350 2545
2350 2576
2350 2588
2350 2615
2351 2372
2351 2377
2351 2384
2351 2398
2351 2420
2351 2436
2351 2461
2351 2463
2351 2465
2351 2471
2351 2472
2351 2475
2351 2491
2351 2498
2351 2509
2351 2510
2351 2516
2351 2529
2351 2533
2351 2543
2351 2555
2351 2567
2351 2592
2351 2597
2351 2598
2351 2609
2351 2616
2351 2629
2351 2642
2351 2643
2351 2649
2352 2353
2352 2354
2352 2356
2352 2359
2352 2363
2352 2369
2352 2370
2352 2374
2352 2376
2352 2381
2352 2387
2352 2392
2352 2395
2352 2404
2352 2409
2352 2410
2352 2414
2352 2423
2352 2428
2352 2430
2352 2433
2352 2460
2352 2464
2352 2468
2352 2469
2352 2477
2352 2482
2352 2484
2352 2485
2352 2495
2352 2500
2352 2504
2352 2506
2352 2507
2352 2520
2352 2526
2352 2532
2352 2539
2352 2542
2352 2546
2352 2549
2352 2550
2352 2553
2352 2554
2352 2556
2352 2561
2352 2564
2352 2573
2352 2574
2352 2575
2352 2578
2352 2579
2352 2586
2352 2590
2352 2591
2352 2593
2352 2600
2352 2601
2352 2602
2352 2604
2352 2607
2352 2611
2352 2615
2352 2619
2352 2624
2352 2625
2352 2630
2352 2638
2352 2655
2353 2356
2353 2370
2353 2386
2353 2414
2353 2423
2353 2464
2353 2467
2353 2469
2353 2492
2353 2495
2353 2499
2353 2500
2353 2504
2353 2521
2353 2542
2353 2543
2353 2550
2353 2551
2353 2554
2353 2561
2353 2563
2353 2575
2353 2586
2353 2590
2353 2593
2353 2600
2353 2602
2353 2606
2353 2607
2353 2611
2353 2615
2353 2624
2353 2625
2353 2630
2353 2654
2354 2356
2354 2359
2354 2363
2354 2369
2354 2370
2354 2374
2354 2376
2354 2381
2354 2386
2354 2395
2354 2404
2354 2407
2354 2408
2354 2409
2354 2410
2354 2414
2354 2418
2354 2423
2354 2428
2354 2429
2354 2430
2354 2446
2354 2460
2354 2462
2354 2464
2354 2468
2354 2469
2354 2477
2354 2478
2354 2482
2354 2484
2354 2485
2354 2489
2354 2492
2354 2499
2354 2500
2354 2504
2354 2507
2354 2521
2354 2526
2354 2539
2354 2542
2354 2543
2354 2546
2354 2549
2354 2550
2354 2551
2354 2553
2354 2554
2354 2560
2354 2561
2354 2564
2354 2573
2354 2575
2354 2578
2354 2579
2354 2586
2354 2590
2354 2593
2354 2600
2354 2601
2354 2602
2354 2604
2354 2607
2354 2611
2354 2615
2354 2619
2354 2623
2354 2624
2354 2625