2048 1912
2048 2085
2048 2128
2048 2132
2048 2155
2048 2211
2048 2226
2048 2289
2048 2292
2048 2296
2048 2425
2048 2498
2048 2544
2048 2581
1912 2049
1912 2050
1912 2051
1912 2052
1912 2053
1912 2054
1912 2057
1912 2058
1912 2061
1912 2062
1912 2065
1912 2066
1912 2067
1912 2068
1912 2070
1912 3328
1912 3330
1912 3331
1912 3336
1912 2071
1912 2072
1912 2075
1912 2076
1912 2079
1912 2080
1912 2081
1912 2082
1912 2085
1912 2087
1912 2089
1912 2091
1912 2092
1912 2094
1912 2096
1912 2097
1912 2099
1912 2100
1912 2101
1912 2102
1912 2105
1912 2106
1912 2107
1912 2110
1912 2111
1912 2113
1912 2114
1912 2116
1912 2117
1912 2119
1912 2120
1912 2125
1912 2126
1912 2127
2085 1926
2085 1964
2085 1982
2085 2047
2085 2091
2085 2107
2085 2145
2085 2152
2085 2186
2085 2197
2085 2211
2085 2226
2085 2232
2085 2235
2085 2265
2085 2296
2085 2322
2085 2341
2085 2366
2085 2367
2085 2379
2085 2406
2085 2473
2085 2523
2085 2566
2085 2581
2085 2610
2085 2612
2128 2052
2128 2054
2128 2068
2128 2075
2128 2081
2128 2087
2128 2111
2128 2116
2128 2117
2132 2052
2132 2053
2132 2054
2132 2062
2132 2068
2132 2072
2132 2075
2132 2081
2132 2096
2132 2101
2132 2102
2132 2110
2132 2111
2211 2066
2211 2117
2226 2053
2226 2110
2226 2117
2289 2052
2289 2053
2289 2054
2289 2068
2289 2071
2289 2072
2289 2081
2289 2087
2289 2102
2289 2111
2289 2125
2292 2052
2292 2053
2292 2054
2292 2057
2292 2065
2292 2071
2292 2072
2292 2081
2292 2087
2292 2102
2292 2111
2292 2117
2292 2125
2425 2076
2498 2052
2498 2054
2498 2068
2498 2071
2498 2087
2498 2102
2498 2111
2498 2125
2544 2117
2049 1930
2049 1936
2049 1965
2049 1975
2049 1978
2049 1990
2049 2035
2049 2047
2049 2082
2049 2089
2049 2158
2049 2173
2049 2231
2049 2248
2049 2286
2049 2313
2049 2314
2049 2317
2049 2335
2049 2371
2049 2397
2049 2403
2049 2411
2049 2440
2049 2448
2049 2474
2049 2488
2049 2497
2049 2503
2049 2523
2049 2534
2049 2562
2049 2570
2049 2612
2049 2628
2049 2644
1930 2117
1965 2114
1965 2126
1975 2114
1975 2119
1975 2126
2035 2082
2035 2089
2035 2091
2035 2107
2035 2126
2047 2052
2047 2053
2047 2057
2047 2065
2047 2066
2047 2068
2047 2071
2047 2072
2047 2080
2047 2081
2047 2087
2047 2102
2047 2107
2047 2111
2047 2125
2047 2126
2082 1926
2082 2089
2082 2120
2082 2152
2082 2228
2082 2371
2082 2397
2082 2402
2082 2412
2082 2440
2082 2448
2082 2488
2082 2540
2082 2570
2082 2644
2089 1960
2089 2023
2089 2107
2089 2126
2089 2228
2089 2231
2089 2236
2089 2313
2089 2361
2089 2371
2089 2397
2089 2402
2089 2440
2089 2448
2089 2488
2089 2570
2089 2614
2089 2618
2089 2628
2173 2091
2173 2126
2231 2091
2231 2114
2231 2126
2313 2051
2313 2080
2313 2091
2313 2099
2313 2100
2313 2107
2313 2113
2313 2119
2313 2120
2313 2126
2314 2107
2317 2091
2317 2117
2317 2120
2317 2126
2335 2070
2335 2126
2371 2091
2371 2119
2371 2126
2397 2119
2403 2107
2411 2091
2411 2107
2440 2091
2440 2107
2440 2126
2448 2091
2448 2120
2448 2126
2474 2119
2488 2070
2488 2091
2488 2107
2488 2119
2488 2126
2497 2107
2523 2120
2562 2107
2570 2070
2570 2105
2570 2107
2570 2119
2570 2126
2612 2102
2628 2107
2628 2117
2628 2120
2628 2126
2644 2070
2644 2107
2644 2119
2050 1951
2050 1958
2050 1973
2050 1980
2050 1995
2050 1998
2050 2000
2050 2018
2050 2022
2050 2157
2050 2171
2050 2297
2050 2337
2050 2365
2050 2378
2050 2435
2050 2447
2050 2494
2050 2538
2050 2640
2050 2645
2050 2647
1951 2061
1951 2097
1951 2116
1958 2061
1958 2097
1958 2116
1973 2061
1973 2097
1973 2116
1980 2061
1980 2097
1980 2116
1995 2061
1995 2116
1998 2097
1998 2116
2000 2097
2018 2116
2022 2097
2022 2116
2157 2116
2171 2061
2171 2097
2171 2116
2297 2061
2337 2116
2365 2116
2378 2116
2447 2097
2447 2116
2538 2061
2538 2097
2538 2116
2640 2061
2640 2097
2640 2116
2645 2061
2645 2097
2645 2116
2647 2061
2647 2097
2051 2113
2051 2126
2051 2342
2051 2450
2051 2558
2051 2614
2051 2632
2113 2100
2113 2217
2113 2439
2113 2450
2113 2548
2113 2558
2113 2614
2126 2070
2126 2091
2126 2099
2126 2105
2126 2107
2126 2117
2126 2120
2126 1922
2126 1933
2126 1949
2126 1960
2126 1964
2126 2008
2126 2129
2126 2146
2126 2152
2126 2160
2126 2162
2126 2181
2126 2197
2126 2236
2126 2283
2126 2301
2126 2341
2126 2360
2126 2361
2126 2366
2126 2405
2126 2412
2126 2424
2126 2455
2126 2535
2126 2540
2126 2577
2126 2587
2126 2659
2342 2091
2342 2105
2342 2107
2450 2100
2558 2100
2558 2119
2614 2080
2052 1577
2052 1718
2052 1916
2052 1920
2052 1932
2052 1939
2052 1940
2052 1941
2052 1945
2052 1947
2052 1948
2052 1954
2052 2002
2052 2007
2052 2010
2052 2028
2052 2038
2052 2039
2052 2042
2052 2053
2052 2054
2052 2068
2052 2071
2052 2072
2052 2081
2052 2087
2052 2099
2052 2102
2052 2111
2052 2117
2052 2125
2052 2133
2052 2138
2052 2143
2052 2148
2052 2149
2052 2151
2052 2153
2052 2169
2052 2174
2052 2176
2052 2183
2052 2187
2052 2194
2052 2196
2052 2199
2052 2203
2052 2224
2052 2241
2052 2246
2052 2247
2052 2250
2052 2273
2052 2279
2052 2282
2052 2283
2052 2294
2052 2302
2052 2304
2052 2319
2052 2328
2052 2332
2052 2333
2052 2336
2052 2338
2052 2343
2052 2344
2052 2347
2052 2351
2052 2368
2052 2372
2052 2377
2052 2384
2052 2399
2052 2420
2052 2458
2052 2461
2052 2463
2052 2471
2052 2475
2052 2491
2052 2509
2052 2510
2052 2511
2052 2516
2052 2537
2052 2543
2052 2555
2052 2582
2052 2588
2052 2592
2052 2594
2052 2598
2052 2603
2052 2616
2052 2629
2052 2642
2052 2643
2052 2649
1577 2053
1577 2054
1577 2062
1577 2068
1577 2071
1577 2072
1577 2081
1577 2087
1577 2101
1577 2102
1577 2111
1577 2117
1577 2125
1577 2127
1718 2054
1718 2068
1718 2071
1718 2072
1718 2081
1718 2087
1718 2102
1718 2111
1718 2117
1718 2125
1718 2127
1916 2054
1916 2081
1916 2087
1916 2102
1916 2111
1916 2125
1920 2053
1920 2054
1920 2062
1920 2068
1920 2071
1920 2072
1920 2081
1920 2087
1920 2102
1920 2111
1920 2117
1920 2125
1920 2127
1932 2068
1932 2071
1932 2072
1932 2081
1932 2087
1932 2111
1932 2117
1932 2125
1932 2127
1939 2053
1939 2054
1939 2062
1939 2068
1939 2072
1939 2075
1939 2081
1939 2096
1939 2101
1939 2110
1939 2111
1939 2125
1940 2054
1940 2068
1940 2071
1940 2081
1940 2087
1940 2102
1940 2117
1940 2125
1940 2127
1941 2053
1941 2054
1941 2057
1941 2058
1941 2065
1941 2068
1941 2071
1941 2072
1941 2081
1941 2087
1941 2099
1941 2101
1941 2102
1941 2111
1941 2117
1941 2125
1941 2127
1945 2054
1945 2068
1945 2071
1945 2072
1945 2081
1945 2087
1945 2101
1945 2102
1945 2111
1945 2117
1945 2125
1945 2127
1947 2053
1947 2054
1947 2062
1947 2068
1947 2072
1947 2075
1947 2081
1947 2087
1947 2101
1947 2102
1947 2110
1947 2111
1947 2117
1948 2053
1948 2054
1948 2068
1948 2071
1948 2072
1948 2081
1948 2087
1948 2102
1948 2111
1948 2117
1948 2125
1954 2054
1954 2068
1954 2072
1954 2087
1954 2102
1954 2111
1954 2116
1954 2117
1954 2125
2002 2054
2002 2062
2002 2068
2002 2081
2002 2087
2002 2111
2007 2053
2007 2054
2007 2058
2007 2067
2007 2071
2007 2072
2007 2081
2007 2087
2007 2092
2007 2102
2007 2111
2007 2117
2007 2125
2010 2054
2010 2068
2010 2071
2010 2081
2010 2087
2010 2102
2010 2111
2010 2125
2028 2053
2028 2054
2028 2068
2028 2071
2028 2081
2028 2087
2028 2102
2028 2111
2028 2117
2028 2125
2038 2053
2038 2054
2038 2068
2038 2072
2038 2087
2038 2102
2038 2111
2038 2125
2039 2053
2039 2054
2039 2057
2039 2068
2039 2071
2039 2072
2039 2081
2039 2087
2039 2102
2039 2111
2039 2117
2042 2054
2042 2057
2042 2068
2042 2081
2042 2087
2042 2102
2042 2111
2042 2117
2042 2125
2053 1465
2053 1926
2053 1955
2053 1981
2053 2054
2053 2057
2053 2068
2053 2071
2053 2072
2053 2075
2053 2081
2053 2087
2053 2101
2053 2111
2053 2117
2053 2125
2053 2134
2053 2135
2053 2138
2053 2153
2053 2161
2053 2180
2053 2183
2053 2187
2053 2191
2053 2194
2053 2196
2053 2199
2053 2203
2053 2215
2053 2223
2053 2224
2053 2235
2053 2239
2053 2243
2053 2247
2053 2254
2053 2264
2053 2273
2053 2279
2053 2280
2053 2282
2053 2283
2053 2285
2053 2294
2053 2302
2053 2315
2053 2327
2053 2328
2053 2332
2053 2333
2053 2336
2053 2338
2053 2344
2053 2347
2053 2351
2053 2372
2053 2377
2053 2384
2053 2385
2053 2390
2053 2394
2053 2396
2053 2398
2053 2399
2053 2420
2053 2436
2053 2438
2053 2451
2053 2458
2053 2461
2053 2463
2053 2472
2053 2479
2053 2491
2053 2496
2053 2501
2053 2508
2053 2509
2053 2510
2053 2511
2053 2533
2053 2537
2053 2543
2053 2547
2053 2555
2053 2567
2053 2592
2053 2594
2053 2597
2053 2598
2053 2608
2053 2609
2053 2617
2053 2629
2053 2643
2053 2652
2054 1465
2054 1926
2054 1959
2054 1970
2054 1981
2054 2003
2054 2026
2054 2032
2054 2062
2054 2068
2054 2071
2054 2072
2054 2075
2054 2081
2054 2087
2054 2096
2054 2101
2054 2102
2054 2110
2054 2111
2054 2117
2054 2125
2054 2127
2054 2133
2054 2134
2054 2135
2054 2138
2054 2143
2054 2144
2054 2148
2054 2149
2054 2151
2054 2153
2054 2161
2054 2163
2054 2169
2054 2174
2054 2176
2054 2180
2054 2183
2054 2187
2054 2189
2054 2191
2054 2194
2054 2196
2054 2199
2054 2203
2054 2221
2054 2222
2054 2223
2054 2224
2054 2235
2054 2241
2054 2243
2054 2246
2054 2247
2054 2249
2054 2250
2054 2267
2054 2273
2054 2274
2054 2279
2054 2280
2054 2282
2054 2283
2054 2293
2054 2294
2054 2302
2054 2315
2054 2319
2054 2325
2054 2327
2054 2328
2054 2332
2054 2333
2054 2336
2054 2338
2054 2343
2054 2344
2054 2347
2054 2351
2054 2368
2054 2372
2054 2377
2054 2384
2054 2390
2054 2394
2054 2396
2054 2398
2054 2399
2054 2415
2054 2419
2054 2420
2054 2434
2054 2438
2054 2445
2054 2451
2054 2458
2054 2461
2054 2463
2054 2465
2054 2475
2054 2479
2054 2491
2054 2501
2054 2508
2054 2509
2054 2510
2054 2511
2054 2512
2054 2516
2054 2518
2054 2519
2054 2537
2054 2543
2054 2555
2054 2567
2054 2568
2054 2582
2054 2588
2054 2589
2054 2592
2054 2594
2054 2597
2054 2598
2054 2603
2054 2608
2054 2609
2054 2616
2054 2617
2054 2629
2054 2642
2054 2643
2054 2649
2054 2652
2054 2653
2068 2057
2068 1465
2068 1926
2068 1955
2068 1959
2068 2026
2068 2032
2068 2071
2068 2072
2068 2081
2068 2087
2068 2101
2068 2102
2068 2111
2068 2117
2068 2125
2068 2127
2068 2133
2068 2134
2068 2135
2068 2138
2068 2143
2068 2144
2068 2149
2068 2151
2068 2153
2068 2161
2068 2169
2068 2174
2068 2176
2068 2180
2068 2183
2068 2187
2068 2189
2068 2191
2068 2194
2068 2196
2068 2198
2068 2199
2068 2203
2068 2215
2068 2223
2068 2224
2068 2232
2068 2241
2068 2247
2068 2249
2068 2254
2068 2259
2068 2268
2068 2279
2068 2280
2068 2282
2068 2283
2068 2293
2068 2294
2068 2302
2068 2305
2068 2319
2068 2328
2068 2330
2068 2332
2068 2333
2068 2338
2068 2343
2068 2344
2068 2345
2068 2347
2068 2366
2068 2367
2068 2372
2068 2377
2068 2379
2068 2384
2068 2385
2068 2394
2068 2398
2068 2417
2068 2419
2068 2434
2068 2436
2068 2445
2068 2451
2068 2458
2068 2461
2068 2463
2068 2471
2068 2472
2068 2473
2068 2475
2068 2491
2068 2508
2068 2510
2068 2511
2068 2512
2068 2533
2068 2537
2068 2543
2068 2555
2068 2567
2068 2571
2068 2572
2068 2582
2068 2588
2068 2589
2068 2592
2068 2597
2068 2598
2068 2616
2068 2617
2068 2629
2068 2643
2068 2649
2068 2653
2071 1926
2071 1955
2071 1959
2071 1981
2071 1994
2071 2032
2071 2072
2071 2081
2071 2087
2071 2102
2071 2111
2071 2117
2071 2125
2071 2127
2071 2133
2071 2134
2071 2135
2071 2137
2071 2138
2071 2143
2071 2144
2071 2148
2071 2149
2071 2151
2071 2153
2071 2174
2071 2176
2071 2180
2071 2183
2071 2187
2071 2189
2071 2191
2071 2194
2071 2196
2071 2199
2071 2223
2071 2224
2071 2241
2071 2246
2071 2247
2071 2250
2071 2254
2071 2264
2071 2267
2071 2268
2071 2273
2071 2279
2071 2282
2071 2283
2071 2285
2071 2293
2071 2302
2071 2315
2071 2319
2071 2328
2071 2330
2071 2332
2071 2333
2071 2336
2071 2338
2071 2344
2071 2347
2071 2351
2071 2372
2071 2377
2071 2384
2071 2398
2071 2420
2071 2427
2071 2429
2071 2436
2071 2451
2071 2458
2071 2461
2071 2463
2071 2465
2071 2471
2071 2472
2071 2491
2071 2510
2071 2511
2071 2512
2071 2516
2071 2533
2071 2543
2071 2547
2071 2555
2071 2567
2071 2588
2071 2589
2071 2592
2071 2597
2071 2598
2071 2599
2071 2609
2071 2629
2071 2642
2071 2643
2071 2649
2071 2653
2072 2062
2072 1926
2072 1955
2072 1959
2072 1970
2072 1981
2072 2003
2072 2026
2072 2032
2072 2075
2072 2081
2072 2096
2072 2101
2072 2110
2072 2111
2072 2117
2072 2125
2072 2127
2072 2133
2072 2135
2072 2137
2072 2138
2072 2144
2072 2153
2072 2161
2072 2169
2072 2174
2072 2180
2072 2183
2072 2187
2072 2189
2072 2198
2072 2199
2072 2203
2072 2222
2072 2223
2072 2224
2072 2232
2072 2235
2072 2241
2072 2243
2072 2247
2072 2254
2072 2268
2072 2274
2072 2279
2072 2280
2072 2282
2072 2283
2072 2294
2072 2304
2072 2315
2072 2319
2072 2327
2072 2328
2072 2333
2072 2336
2072 2338
2072 2344
2072 2347
2072 2377
2072 2384
2072 2390
2072 2394
2072 2396
2072 2398
2072 2399
2072 2415
2072 2417
2072 2420
2072 2434
2072 2436
2072 2438
2072 2445
2072 2451
2072 2458
2072 2461
2072 2463
2072 2468
2072 2471
2072 2479
2072 2491
2072 2501
2072 2508
2072 2509
2072 2510
2072 2511
2072 2516
2072 2518
2072 2533
2072 2537
2072 2555
2072 2568
2072 2589
2072 2592
2072 2594
2072 2597
2072 2598
2072 2603
2072 2608
2072 2617
2072 2629
2072 2649
2072 2652
2072 2653
2081 2057
2081 2062
2081 2065
2081 2075
2081 1465
2081 1926
2081 1955
2081 1959
2081 1964
2081 1970
2081 1981
2081 1994
2081 2003
2081 2026
2081 2029
2081 2032
2081 2087
2081 2101
2081 2102
2081 2110
2081 2111
2081 2117
2081 2125
2081 2127
2081 2133
2081 2134
2081 2135
2081 2137
2081 2138
2081 2144
2081 2148
2081 2149
2081 2153
2081 2161
2081 2174
2081 2176
2081 2177
2081 2180
2081 2183
2081 2187
2081 2189
2081 2191
2081 2194
2081 2196
2081 2199
2081 2215
2081 2223
2081 2224
2081 2235
2081 2241
2081 2243
2081 2246
2081 2247
2081 2250
2081 2252
2081 2254
2081 2267
2081 2273
2081 2274
2081 2279
2081 2280
2081 2282
2081 2283
2081 2293
2081 2294
2081 2302
2081 2304
2081 2315
2081 2319
2081 2327
2081 2328
2081 2332
2081 2333
2081 2336
2081 2338
2081 2343
2081 2344
2081 2347
2081 2351
2081 2367
2081 2368
2081 2372
2081 2377
2081 2384
2081 2385
2081 2390
2081 2394
2081 2396
2081 2398
2081 2399
2081 2415
2081 2419
2081 2420
2081 2432
2081 2434
2081 2436
2081 2438
2081 2445
2081 2451
2081 2458
2081 2461
2081 2463
2081 2465
2081 2468
2081 2471
2081 2472
2081 2475
2081 2479
2081 2491
2081 2496
2081 2501
2081 2508
2081 2509
2081 2510
2081 2511
2081 2530
2081 2533
2081 2537
2081 2543
2081 2547
2081 2555
2081 2567
2081 2582
2081 2588
2081 2589
2081 2592
2081 2594
2081 2597
2081 2598
2081 2603
2081 2608
2081 2609
2081 2617
2081 2629
2081 2642
2081 2643
2081 2649
2081 2652
2081 2653
2087 2057
2087 2065
2087 1465
2087 1926
2087 1955
2087 1959
2087 1969
2087 1970
2087 1987
2087 1994
2087 2026
2087 2032
2087 2102
2087 2111
2087 2117
2087 2125
2087 2127
2087 2133
2087 2134
2087 2135
2087 2138
2087 2143
2087 2144
2087 2148
2087 2149
2087 2151
2087 2153
2087 2163
2087 2169
2087 2174
2087 2176
2087 2180
2087 2183
2087 2187
2087 2189
2087 2191
2087 2194
2087 2196
2087 2198
2087 2199
2087 2203
2087 2208
2087 2215
2087 2223
2087 2224
2087 2241
2087 2246
2087 2247
2087 2249
2087 2250
2087 2254
2087 2259
2087 2264
2087 2267
2087 2268
2087 2273
2087 2279
2087 2282
2087 2283
2087 2293
2087 2294
2087 2302
2087 2305
2087 2315
2087 2319
2087 2325
2087 2327
2087 2328
2087 2332
2087 2333
2087 2336
2087 2338
2087 2343
2087 2344
2087 2347
2087 2351
2087 2368
2087 2372
2087 2377
2087 2384
2087 2385
2087 2398
2087 2420
2087 2434
2087 2436
2087 2445
2087 2451
2087 2461
2087 2463
2087 2465
2087 2471
2087 2472
2087 2475
2087 2491
2087 2508
2087 2509
2087 2510
2087 2511
2087 2512
2087 2516
2087 2522
2087 2530
2087 2533
2087 2537
2087 2543
2087 2547
2087 2555
2087 2567
2087 2572
2087 2582
2087 2588
2087 2589
2087 2592
2087 2594
2087 2597
2087 2598
2087 2608
2087 2609
2087 2616
2087 2617
2087 2629
2087 2642
2087 2643
2087 2649
2087 2653
2099 2091
2099 1976
2099 2197
2099 2199
2099 2230
2099 2247
2099 2283
2099 2358
2099 2461
2099 2510
2099 2555
2102 2057
2102 1465
2102 1926
2102 1959
2102 1994
2102 2026
2102 2032
2102 2111
2102 2116
2102 2117
2102 2125
2102 2127
2102 2133
2102 2134
2102 2138
2102 2143
2102 2148
2102 2149
2102 2151
2102 2153
2102 2169
2102 2174
2102 2176
2102 2180
2102 2183
2102 2187
2102 2189
2102 2194
2102 2196
2102 2198
2102 2199
2102 2203
2102 2215
2102 2223
2102 2224
2102 2239
2102 2241
2102 2246
2102 2250
2102 2254
2102 2259
2102 2264
2102 2267
2102 2268
2102 2273
2102 2279
2102 2280
2102 2282
2102 2283
2102 2285
2102 2294
2102 2302
2102 2305
2102 2325
2102 2327
2102 2328
2102 2332
2102 2336
2102 2338
2102 2343
2102 2344
2102 2347
2102 2351
2102 2368
2102 2372
2102 2384
2102 2385
2102 2400
2102 2413
2102 2417
2102 2419
2102 2436
2102 2451
2102 2459
2102 2461
2102 2463
2102 2471
2102 2475
2102 2491
2102 2508
2102 2509
2102 2510
2102 2511
2102 2519
2102 2529
2102 2531
2102 2533
2102 2543
2102 2547
2102 2555
2102 2567
2102 2582
2102 2588
2102 2589
2102 2598
2102 2610
2102 2616
2102 2617
2102 2629
2102 2642
2102 2643
2102 2649
2111 2057
2111 2062
2111 2075
2111 2101
2111 2110
2111 1465
2111 1926
2111 1952
2111 1955
2111 1959
2111 1970
2111 1981
2111 1987
2111 1994
2111 2003
2111 2032
2111 2117
2111 2125
2111 2127
2111 2133
2111 2134
2111 2135
2111 2138
2111 2144
2111 2148
2111 2149
2111 2151
2111 2153
2111 2161
2111 2163
2111 2169
2111 2174
2111 2176
2111 2180
2111 2183
2111 2187
2111 2189
2111 2191
2111 2194
2111 2196
2111 2198
2111 2199
2111 2203
2111 2215
2111 2221
2111 2222
2111 2223
2111 2224
2111 2232
2111 2235
2111 2241
2111 2243
2111 2246
2111 2247
2111 2249
2111 2250
2111 2254
2111 2259
2111 2264
2111 2267
2111 2268
2111 2273
2111 2274
2111 2279
2111 2282
2111 2283
2111 2285
2111 2293
2111 2294
2111 2295
2111 2302
2111 2305
2111 2315
2111 2319
2111 2325
2111 2327
2111 2328
2111 2332
2111 2333
2111 2336
2111 2338
2111 2343
2111 2344
2111 2347
2111 2351
2111 2368
2111 2372
2111 2377
2111 2384
2111 2385
2111 2390
2111 2394
2111 2396
2111 2398
2111 2399
2111 2415
2111 2417
2111 2419
2111 2420
2111 2434
2111 2436
2111 2438
2111 2445
2111 2451
2111 2458
2111 2461
2111 2463
2111 2465
2111 2471
2111 2472
2111 2473
2111 2475
2111 2479
2111 2491
2111 2496
2111 2501
2111 2502
2111 2508
2111 2509
2111 2510
2111 2511
2111 2512
2111 2516
2111 2519
2111 2533
2111 2537
2111 2543
2111 2547
2111 2555
2111 2567
2111 2572
2111 2582
2111 2588
2111 2589
2111 2592
2111 2594
2111 2597
2111 2598
2111 2603
2111 2608
2111 2609
2111 2616
2111 2617
2111 2629
2111 2642
2111 2643
2111 2649
2111 2652
2111 2653
2117 2101
2117 2107
2117 1465
2117 1923
2117 1944
2117 1955
2117 1959
2117 1964
2117 1994
2117 2029
2117 2031
2117 2134
2117 2135
2117 2137
2117 2138
2117 2144
2117 2145
2117 2148
2117 2149
2117 2153
2117 2169
2117 2174
2117 2183
2117 2187
2117 2191
2117 2194
2117 2196
2117 2198
2117 2199
2117 2203
2117 2205
2117 2209
2117 2215
2117 2224
2117 2232
2117 2241
2117 2242
2117 2246
2117 2247
2117 2250
2117 2254
2117 2264
2117 2268
2117 2272
2117 2273
2117 2279
2117 2282
2117 2283
2117 2294
2117 2302
2117 2305
2117 2310
2117 2315
2117 2319
2117 2325
2117 2327
2117 2328
2117 2336
2117 2343
2117 2344
2117 2345
2117 2347
2117 2351
2117 2367
2117 2368
2117 2372
2117 2377
2117 2384
2117 2385
2117 2394
2117 2416
2117 2419
2117 2420
2117 2434
2117 2436
2117 2458
2117 2461
2117 2463
2117 2465
2117 2471
2117 2472
2117 2475
2117 2480
2117 2491
2117 2496
2117 2508
2117 2525
2117 2530
2117 2533
2117 2537
2117 2543
2117 2555
2117 2557
2117 2567
2117 2582
2117 2588
2117 2592
2117 2594
2117 2597
2117 2598
2117 2609
2117 2610
2117 2629
2117 2637
2117 2641
2117 2643
2117 2653
2125 2062
2125 1465
2125 1926
2125 1955
2125 1959
2125 1970
2125 2026
2125 2032
2125 2133
2125 2138
2125 2143
2125 2148
2125 2149
2125 2151
2125 2153
2125 2161
2125 2163
2125 2169
2125 2174
2125 2176
2125 2183
2125 2187
2125 2196
2125 2198
2125 2203
2125 2223
2125 2224
2125 2232
2125 2241
2125 2243
2125 2246
2125 2247
2125 2250
2125 2273
2125 2279
2125 2282
2125 2283
2125 2294
2125 2295
2125 2298
2125 2302
2125 2304
2125 2319
2125 2327
2125 2328
2125 2332
2125 2333
2125 2336
2125 2338
2125 2343
2125 2344
2125 2347
2125 2351
2125 2368
2125 2372
2125 2384
2125 2398
2125 2399
2125 2419
2125 2434
2125 2451
2125 2458
2125 2461
2125 2463
2125 2471
2125 2475
2125 2501
2125 2502
2125 2509
2125 2510
2125 2511
2125 2512
2125 2516
2125 2518
2125 2519
2125 2533
2125 2543
2125 2555
2125 2582
2125 2588
2125 2592
2125 2594
2125 2598
2125 2603
2125 2605
2125 2616
2125 2629
2125 2642
2125 2643
2125 2649
2133 2066
2138 2057
2143 2061
2149 2057
2176 2114
2183 2062
2183 2065
2183 2101
2199 2057
2199 2075
2199 2101
2199 2110
2203 2116
2224 2062
2279 2062
2279 2101
2282 2062
2282 2075
2282 2101
2282 2110
2283 2062
2283 2101
2294 2101
2302 2057
2302 2065
2319 2062
2328 2062
2328 2075
2328 2096
2328 2101
2328 2110
2332 2057
2333 2057
2333 2062
2333 2065
2333 2075
2333 2096
2333 2101
2333 2110
2336 2057
2338 2062
2338 2101
2344 2062
2344 2075
2344 2101
2344 2110
2347 2058
2347 2062
2351 2062
2351 2116
2372 2057
2377 2075
2377 2110
2384 2057
2384 2062
2384 2065
2384 2075
2384 2101
2384 2110
2420 2062
2458 2062
2458 2101
2461 2101
2491 2057
2509 2062
2509 2075
2509 2096
2509 2101
2510 2101
2511 2057
2511 2062
2511 2075
2511 2101
2511 2110
2516 2101
2537 2062
2537 2075
2537 2101
2537 2110
2543 2062
2592 2057
2592 2062
2592 2065
2594 2058
2594 2101
2598 2062
2598 2101
2603 2062
2603 2075
2603 2096
2603 2101
2603 2110
2616 2116
2629 2062
2642 2066
2642 2116
1465 2065
1926 2101
1926 2127
1955 2127
1981 2062
1981 2075
1981 2101
1981 2110
2057 1959
2057 1987
2057 2065
2057 2134
2057 2208
2057 2215
2057 2223
2057 2254
2057 2268
2057 2305
2057 2385
2057 2445
2057 2508
2057 2530
2057 2572
2057 2608
2075 2062
2075 1959
2075 1970
2075 2003
2075 2110
2075 2161
2075 2221
2075 2222
2075 2235
2075 2243
2075 2274
2075 2280
2075 2327
2075 2390
2075 2394
2075 2396
2075 2415
2075 2434
2075 2438
2075 2451
2075 2479
2075 2501
2075 2572
2075 2617
2075 2652
2101 2062
2101 1959
2101 2003
2101 2110
2101 2134
2101 2161
2101 2221
2101 2222
2101 2223
2101 2235
2101 2243
2101 2264
2101 2274
2101 2280
2101 2327
2101 2345
2101 2367
2101 2379
2101 2390
2101 2394
2101 2396
2101 2415
2101 2434
2101 2436
2101 2438
2101 2451
2101 2479
2101 2501
2101 2522
2101 2568
2101 2571
2101 2608
2101 2617
2101 2652
2161 2062
2161 2110
2215 2065
2235 2062
2235 2110
2243 2062
2243 2096
2280 2062
2315 2062
2327 2062
2327 2110
2385 2065
2390 2062
2390 2096
2390 2110
2394 2062
2394 2110
2396 2062
2396 2110
2398 2062
2438 2062
2438 2096
2438 2110
2451 2062
2479 2062
2479 2110
2501 2062
2501 2096
2501 2110
2567 2065
2597 2062
2608 2065
2617 2062
2652 2062
2652 2110
1959 2062
1959 2110
1970 2062
1970 2110
2003 2062
2003 2110
2032 2096
2062 1952
2062 1994
2062 2029
2062 2096
2062 2110
2062 2137
2062 2221
2062 2222
2062 2242
2062 2274
2062 2415
2062 2434
2096 2222
2096 2432
2096 2434
2096 2480
2096 2518
2096 2568
2110 1952
2110 2221
2110 2222
2110 2415
2110 2432
2110 2434
2127 1913
2127 1964
2189 2067
2189 2092
2325 2107
2065 2208
2065 2530
2268 2116
2058 1942
2058 2019
2058 2044
2058 2092
2058 2234
2058 2383
2058 2429
2058 2454
2058 2478
1942 2067
1942 2092
2019 2067
2019 2092
2092 2067
2092 1982
2092 2147
2092 2234
2092 2262
2092 2288
2092 2303
2092 2350
2092 2383
2092 2387
2092 2391
2092 2393
2092 2429
2092 2449
2092 2478
2092 2576
2092 2584
2234 2067
2429 2067
2478 2067
2061 1914
2061 1919
2061 1921
2061 1927
2061 1931
2061 1935
2061 1950
2061 1957
2061 1972
2061 1991
2061 2001
2061 2006
2061 2011
2061 2014
2061 2025
2061 2097
2061 2116
2061 2159
2061 2202
2061 2225
2061 2284
2061 2346
2061 2364
2061 2583
2061 2585
2061 2620
2061 2626
2061 2627
2061 2633
2061 2636
2061 2648
2061 2657
2061 2658
2061 2659
2061 2660
1914 2097
1914 2116
1919 2097
1921 2116
1927 2097
1931 2116
1935 2097
1957 2097
1957 2116
1972 2097
1972 2116
1991 2097
1991 2116
2001 2116
2006 2097
2006 2116
2011 2097
2011 2116
2025 2097
2097 2024
2097 2192
2097 2225
2097 2284
2097 2364
2097 2585
2097 2620
2097 2626
2097 2648
2097 2657
2097 2658
2097 2659
2097 2660
2116 1913
2116 1999
2116 2004
2116 2009
2116 2012
2116 2016
2116 2027
2116 2145
2116 2159
2116 2202
2116 2225
2116 2284
2116 2312
2116 2355
2116 2364
2116 2389
2116 2413
2116 2459
2116 2529
2116 2531
2116 2571
2116 2583
2116 2633
2116 2636
2116 2639
2116 2648
2116 2660
2659 2091
2066 1964
2066 2031
2066 2514
2066 2517
1964 2091
2067 2147
2067 2262
2067 2303
2067 2387
2067 2391
2067 2393
2067 2449
2067 2476
2067 2576
2067 2584
2070 1960
2070 2091
2070 2129
2070 2156
2070 2236
2070 2260
2070 2361
1960 2091
1960 2105
1960 2120
2091 1934
2091 2023
2091 2105
2091 2129
2091 2130
2091 2146
2091 2156
2091 2160
2091 2162
2091 2197
2091 2236
2091 2260
2091 2341
2091 2361
2091 2540
2129 2119
2129 2120
2156 2114
2156 2120
2236 2080
2236 2105
2236 2107
2260 2105
2260 2107
2260 2114
2260 2120
2361 2114
2361 2119
2076 1988
2076 2170
2076 2207
2076 2255
2076 2320
2076 2349
2076 2401
2076 2426
2076 2444
2076 2466
2076 2486
2076 2513
2076 2515
2076 2622
2076 2650
2080 2145
2080 2193
2080 2277
2080 2656
2145 2107
2656 2107
2120 2105
2120 2107
2120 1922
2120 1933
2120 2034
2120 2160
2120 2181
2120 2405
2120 2412
2120 2577
2120 2587
2152 2107
2228 2107
2228 2114
2412 2107
2412 2114
2412 2119
2107 1915
2107 1922
2107 2146
2107 2160
2107 2166
2107 2227
2107 2322
2107 2424
2107 2587
2322 2114
2618 2119
2105 2238
2105 2360
2160 2114
2094 2167
2094 2245
2094 2281
2094 2301
2094 2487
2094 2535
2100 2217
2106 2168
2106 2421
2106 2437
1915 2114
2114 2008
2114 2119