15706128 313091751
15745434 2109381
18159189 18698454
14445618 143631813
15745434 27315988
14766418 14950586
16586811 16302651
18698454 965091
2779821 14614122
15933993 17143528
33620592 12771122
15164554 42923074
18159189 14134415
8079892 14134942
16060397 14180105
15885994 13109502
6588842 33043297
14443028 15472368
19680233 15717356
14300469 17382107
31200163 232341897
15895373 17143528
14180105 14865059
14510359 148415637
24640587 213081477
15895373 24640587
15029953 17143528
24640587 15895373
8079892 759003
127494657 18877662
36735522 24640587
72702989 15717356
79797834 18746498
17587331 36735522
643653 14180105
15717356 8079892
12835572 25837866
15039065 61131781
11461532 15706128
25837866 15279452
99727844 16522244
17143528 15029953
15717356 15279452
94263555 759003
17941696 16586811
94263555 965091
14614122 36735522
30090879 14300469
24640587 14950586
143631813 523488054
14670800 14180105
13655472 24640587
24640587 6588842
12835572 14950586
16302651 16027904
39157744 14162415
14134942 9832392
14443028 61131781
30511479 64069241
21415375 15706128
24640587 100301510
16522244 13109502
72702989 6588842
8875752 17143528
72702989 2779821
14180105 14510359
15039065 16522244
15029953 15279452
16522244 24640587
127494657 2779821
41530500 21415375
17279613 2779821
18877662 755431
16522244 14134415
1891381 17143528
30511479 17088729
14501176 15321242
100301510 15706128
14333742 12835572
31200163 11461532
14333742 36898952
127494657 24640587
14134942 14510359
18159189 17587331
12835572 39157744
11461532 15745434
14483158 27315988
36898952 15029953
18746498 34193
17587331 14300469
14670800 13109502
15472368 22027186
16027904 18746498
14180105 22413809
25837866 59775073
15279452 13655472
35305735 15895373
2779821 14180105
2779821 24640587
35305735 24640587
17382107 14300469
759003 33043297
14443028 14162415
523488054 14950586
1891381 643653
59775073 17143528
6588842 64069241
16522244 59775073
33620592 16522244
1891381 14950586
14510359 14950586
11461532 100301510
27741966 13109502
33620592 14162415
14300469 16522244
127494657 42923074
2760821 4267411
14101635 15717356
27315988 19523675
36735522 2109381
759003 12771122
14180105 523488054
100301510 19382761
101804462 27315988
15745434 36735522
15706128 2779821
19680233 17143528
17088729 4267411
42411202 61131781
36735522 16522244
18698454 183300976
33620592 14766418
304164102 24292190
234254192 15717356
14333742 17279613
18475637 36735522
16586811 139162440
234270825 339994942
15039065 14950586
17143528 16522244
14300469 42923074
759003 15029953
18475637 24640587
16522244 14180105
15745434 41530500
117065254 14300469
36735522 79797834
15933993 15279452
17977240 17143528
14510359 16372635
1891381 965091
17382107 42411202
42923074 17587331
12835572 61131781
13655472 14510359
19523675 18877662
23080747 759003
21415375 15279452
42923074 41530500
15745434 643653
17587331 14162415
33620592 17088729
234254192 232341897
33620592 29344169
6480682 16027904
18877662 14162415
14906448 15717356
30511479 18877662
13109502 36735522
16522244 18698454
14510359 14300469
14618523 965091
13109502 14766418
15164554 14865059
643653 22413809
28515565 15706128
13655472 36735522
87858472 79797834
42923074 19104727
94263555 15706128
27741966 14510359
16747818 139162440
117065254 15472368
965091 64069241
12835572 17088729
18698454 14950586
14333742 18746498
11461532 965091
14300469 117065254
16747818 27315988
19523675 15745434
28515565 101804462
18518052 16714782
24640587 13655472
29344169 139162440
15029953 41530500
14483158 16060397
14300469 14694103
15039065 7670202
14333742 17143528
36898952 15717356
42411202 18475637
19382761 127494657
61131781 24292190
232341897 965091
30511479 17587331
14510359 14303746
12835572 15706128
14618523 169686021
13655472 18475637
234254192 15745434
94263555 13109502
16522244 30511479
16522244 15279452
42411202 232341897
6480682 22027186
33620592 4267411
19104727 643653
18475637 15717356
28515565 15029953
16522244 965091
965091 14766418
14180105 16372635
15717356 643653
14865059 25837866
8079892 15745434
178212355 16522244
759003 14162415
25837866 759003
20398546 15706128
117065254 139162440
2109381 755431
36735522 14162415
15039065 14303746
15717356 14614122
14510359 17587331
14300469 14443028
523488054 643653
33043297 27741966
36735522 14670800
16372635 2779821
30090879 18475637
14865059 36735522
16747818 39813162
14510359 7670202
99727844 30090879
8079892 643653
33620592 14694103
16372635 6588842
17977240 24640587
15164554 14443028
94263555 15279452
33620592 234270825
41530500 14443028
15279452 15472368
15883704 2779821
12835572 14333742
11461532 28515565
15933993 19523675
14180105 29344169
19523675 13655472
64069241 14162415
42411202 24292190
14950586 2779821
15745434 15885994
11461532 30511479
14618523 16522244
15279452 79797834
15164554 36735522
16522244 178212355
42411202 127494657
759003 61131781
17279613 14300469
14134942 18475637
14906448 8079892
33620592 14865059
15717356 18877662
14300469 14670800
14333742 14101635
19104727 15706128
15029953 965091
24640587 2109381
23080747 9832392
17279613 59775073
8079892 24640587
15279452 15717356
94263555 25837866
18698454 13109502
24640587 17587331
14180105 6480682
15745434 17587331
14766418 36735522
15745434 25837866
16747818 965091
15717356 21415375
1891381 8079892
14670800 16372635
14510359 8079892
15717356 22413809
4267411 755431
18475637 14950586
11461532 19104727
16747818 2779821
18475637 643653
14333742 16522244
14180105 16522244
15039065 59775073
18475637 15321242
15039065 18698454
36735522 14865059
25837866 7670202
14443028 13109502
14101635 2779821
11461532 12771122
14101635 22027186
15706128 8079892
523488054 22413809
148415637 24640587
2109381 21415375
14510359 14614122
759003 15472368
2760821 21415375
1891381 14614122
16586811 263292498
13655472 14134942
14180105 14313755
13655472 15745434
28515565 18159189
16522244 15706128
14670800 14950586
28515565 14443028
25837866 313091751
14510359 20398546
14445618 7670202
16522244 22413809
14939023 39157744
12835572 1891381
100301510 16522244
33043297 143631813
15472368 178212355
33043297 15885994
100301510 24640587
21415375 55869833
25837866 2109381
17587331 17382107
19104727 17587331
30511479 24292190
9832392 79797834
15029953 755990
14510359 14443028
965091 12771122
127494657 14694103
234254192 27315988
33043297 87858472
14300469 36898952
523488054 33043297
15029953 117065254
14906448 14950586
25837866 15745434
785555 127494657
12771122 965091
33620592 169686021
15029953 15039065
14445618 15164554
6588842 15883704
15164554 14300469
24640587 13109502
14939023 18698454
759003 178212355
23080747 14694103
15164554 14670800
2109381 19104727
36898952 17143528
16714782 16027904
24292190 27315988
100301510 22413809
14162415 64069241
14694103 14333742
17587331 13109502
36735522 14134942
183300976 16372635
17088729 22413809
14162415 14303746
234254192 14950586
18475637 14162415
42923074 14101635
33620592 7670202
2760821 18698454
14443028 15895373
23080747 643653
13655472 15717356
14300469 2779821
15895373 15029953
14670800 15706128
64069241 2109381
232341897 18475637
101804462 16060397
2760821 196917975
14443028 19104727
14333742 15706128
15885994 759003
15321242 14303746
15039065 21415375
14443028 18475637
36898952 643653
16522244 14950586
12835572 14614122
9832392 139162440
24640587 19104727
14333742 17382107
21415375 2779821
33620592 313091751
523488054 24640587
12771122 759003
17382107 15164554
18698454 313091751
18698454 15039065
14180105 17143528
16522244 15472368
14443028 14313755
17279613 15164554
785555 14313755
232341897 31200163
13655472 15029953
15164554 18877662
18475637 19523675
15164554 965091
36898952 99727844
14614122 6588842
14180105 13109502
14134942 14162415
13109502 64069241
25837866 755990
7670202 17279613
14180105 15706128
16522244 14906448
14300469 18475637
15164554 17587331
18475637 28515565
13655472 79797834
15321242 12835572
15164554 12771122
72702989 17587331
17977240 643653
2109381 2779821
15164554 7670202
15933993 15039065
6588842 15472368
17382107 14950586
14445618 79797834
11461532 18877662
785555 79797834
14443028 15745434
18746498 139162440
15029953 7670202
17279613 27315988
14670800 643653
232341897 27315988
17088729 643653
33620592 14614122
34193 18518052
17143528 15706128
15164554 14694103
14766418 7670202
14300469 64069241
7670202 18159189
94263555 169686021
18159189 2779821
54888193 16714782
2779821 21415375
22413809 139162440
87858472 33043297
14300469 79797834
14303746 965091
28515565 18111744
61131781 18877662
13655472 755431
15029953 14300469
14483158 14303746
15706128 14614122
90063666 27741966
16522244 14766418
232341897 17587331
33620592 8079892
59775073 523488054
15039065 15279452
15717356 2779821
1891381 17977240
16747818 14313755
36898952 30090879
14443028 14614122
21415375 15883704
64069241 2779821
15039065 24292190
99727844 16372635
15745434 14162415
24640587 36898952
15706128 4267411
18746498 16302651
14766418 17977240
8079892 15706128
14101635 15164554
8875752 14134942
18159189 18877662
41530500 13109502
7670202 17143528
15039065 15895373
24292190 14510359
7670202 18877662
14510359 15279452
13655472 14162415
14510359 12771122
14510359 139162440
14670800 18877662
17941696 34193
42923074 965091
14865059 759003
755431 25837866
18877662 965091
1891381 14670800
643653 13109502
127494657 15717356
9832392 213081477
17587331 14766418
8875752 79797834
21415375 759003
15883704 21415375
148415637 17143528
16060397 22413809
54888193 15472368
339994942 6480682
16522244 36898952
42923074 19382761
14939023 28515565
15883704 16372635
24640587 965091
18746498 22027186
14670800 22413809
101804462 15706128
2779821 54888193
33620592 1891381
14670800 7670202
18159189 15029953
33620592 16027904
117065254 15029953
14333742 15717356
2779821 25837866
14766418 18698454
21415375 30511479
127494657 18475637
30511479 21415375
14300469 19104727
1891381 36735522
8079892 17143528
14618523 15029953
34193 263292498
755431 14510359
14670800 2109381
196917975 139162440
94263555 17143528
94263555 13655472
19523675 8079892
759003 14300469
15933993 14303746
14950586 14313755
18746498 339994942
99727844 183300976
72702989 24292190
117065254 18475637
759003 18159189
33043297 148415637
35305735 15885994
13109502 759003
16372635 33043297
18698454 36735522
643653 17977240
15745434 965091
24640587 16372635
8079892 13655472
22413809 14180105
13655472 14445618
25837866 14950586
39157744 36898952
25837866 14180105
21415375 2109381
14300469 24292190
36735522 17143528
15745434 15279452
17279613 36735522
87858472 16586811
2779821 16372635
11461532 14510359
14333742 24640587
16060397 965091
14510359 99727844
16060397 79797834
34193 16586811
15933993 232341897
139162440 16302651
15745434 24292190
8875752 7670202
759003 17143528
17382107 14162415
36898952 17587331
14162415 16372635
8875752 14865059
143631813 20398546
643653 14510359
234254192 19104727
30511479 15717356
183300976 139162440
15164554 14950586
31200163 169686021
15745434 64069241
339994942 196917975
8875752 8079892
17382107 16522244
42923074 15706128
523488054 15706128
36735522 21415375
16372635 17587331
33620592 17977240
16522244 643653
14443028 13655472
41530500 24640587
64069241 16372635
17587331 232341897
117065254 16372635
42923074 11461532
19104727 14180105
14300469 14766418
759003 643653
14865059 965091
15885994 2779821
9832392 12771122
17143528 59775073
16372635 183300976
14939023 17143528
14614122 15883704
785555 21415375
23080747 14162415
18475637 759003
17587331 14950586
11461532 14483158
15039065 19104727
17088729 25837866
759003 21415375
117065254 14950586
148415637 18159189
143631813 14134942
15883704 313091751
18475637 965091
18877662 7670202
14101635 41530500
1891381 25837866
759003 1891381
14180105 15029953
8079892 21415375
14939023 14694103
117065254 14510359
15885994 14101635
36898952 27315988
14180105 755431
12771122 15895373
7670202 36735522
14333742 64069241
33620592 15706128
17088729 33043297
17382107 965091
14939023 643653
14162415 14313755
14162415 17587331
14180105 25837866
1891381 15029953
25837866 14162415
90063666 28515565
8875752 14510359
15745434 2779821
17587331 15745434
17977240 14303746
28515565 36735522
232341897 19104727
759003 15717356
94263555 8079892
15885994 22413809
90063666 79797834
4267411 2779821
14939023 15745434
18475637 8875752
14180105 9832392
7670202 15745434
14333742 17088729
15029953 13655472
25837866 39813162
785555 36735522
14670800 755990
19126902 6480682
785555 18877662
17279613 19104727
17977240 9832392
33620592 139162440
17382107 18475637
27741966 2779821
16522244 14694103
94263555 24292190
15745434 15717356
143631813 90063666
16027904 34193
14180105 22027186
41530500 16522244
15164554 14766418
759003 13655472
127494657 17088729
14950586 313091751
8875752 17382107
18518052 17941696
21415375 19104727
14670800 2779821
14510359 15472368
36735522 14443028
143631813 15883704
27741966 15885994
139162440 18746498
27741966 16522244
94263555 14906448
14766418 59775073
19523675 148415637
87858472 18518052
14766418 759003
139162440 196917975
87858472 29344169
15029953 21415375
17143528 18877662
8875752 36898952
759003 20398546
15164554 755990
94263555 15029953
15472368 14313755
14443028 17143528
523488054 25837866
13109502 27741966
643653 59775073
14950586 7670202
143631813 17088729
13655472 14670800
13655472 15279452
19104727 965091
127494657 117065254
90063666 21415375
759003 17977240
14180105 2109381
30511479 13109502
117065254 16522244
18698454 139162440
14162415 14766418
15895373 35305735
13109502 14614122
33620592 643653
18111744 15279452
2109381 25837866
183300976 18698454
15029953 17587331
15279452 169686021
35305735 36735522
13109502 17088729
759003 755431
14180105 18159189
12835572 14162415
64069241 14614122
15933993 15472368
7670202 17587331
18877662 14313755
14501176 16060397
24640587 14694103
16372635 64069241
14483158 15472368
15745434 523488054
16747818 15029953
21415375 24292190
643653 9832392
14134942 36735522
14510359 14766418
17279613 18159189
15706128 36735522
25837866 17088729
101804462 15717356
17382107 79797834
15039065 2779821
14483158 12771122
18698454 196917975
14939023 143631813
18159189 14766418
79797834 16586811
21415375 15895373
19523675 39157744
16522244 14300469
24640587 14865059
14134942 15717356
24292190 79797834
4267411 11461532
24640587 313091751
18698454 15029953
11461532 139162440
27784905 17053
14865325 7670202
16024323 138161660
18192774 22027186
16522244 15281911
14865325 8079892
27784905 36735522
14784831 252078513
643653 9549022
179403840 13109502
95177505 8079892
14608831 78508531
14134942 15642209
14608831 16522244
15642209 13109502
15029953 14865325
22161096 2779821
18877662 2779821
14860638 3583951
14784831 18159189
13180092 14810327
162775226 237845487
54071173 22027186
152093583 13109502
30511479 95177505
3583951 18698454
3583951 54071173
15706128 13109502
108792399 13655472
3583951 13109502
16666617 36735522
16394162 59775073
18698454 22461427
16425459 8079892
38695016 16666617
16084728 42923074
105525951 759003
152093583 290921816
31690017 13109502
179403840 15029953
290921816 13655472
14811486 98889091
36735522 159607693
14865325 15706128
20745130 14134942
2779821 30511479
42923074 152093583
18952022 14784831
9549022 14865325
14784831 11393832
290921816 14784831
18952022 18159189
7670202 14134942
329533080 4519121
14811486 102868951
16046338 22461427
95177505 17143528
152093583 54071173
18980276 14188985
209258381 3583951
16394162 16425459
161818214 13655472
38695016 18204749
15472368 22461427
17053 2779821
16425459 13180092
64659424 209258381
16425459 15706128
14784831 22027186
15281911 36735522
13180092 2779821
16046338 13109502
39416850 36735522
9549022 17053
16322378 759003
55738917 16425459
161818214 95177505
22342406 9549022
252078513 95177505
27784905 13109502
18952022 8079892
252078513 64069241
3583951 64069241
3518191 36735522
64069241 18698454
59775073 2779821
16024323 211313381
16394162 15642209
16046338 16522244
15281911 15279452
152093583 42923074
14950586 18159189
15706128 16353467
215033470 365293068
179403840 643653
22161096 15706128
16084728 761032
290921816 95177505
290921816 209258381
15029953 14950586
179403840 36735522
152093583 15279452
2779821 15706128
13655472 17053
11393832 14860638
16394162 13109502
759003 3583951
16046338 14313755
16394162 14608831
15279452 252078513
11393832 13180092
759003 4519121
14811486 22027186
15642209 290921816
16353467 759003
16425459 271176554
3583951 161818214
55738917 15029953
8079892 11393832
152093583 64069241
64069241 14860638
20745130 11393832
16522244 15029953
2779821 15029953
16666617 2989781
16666617 7670202
8079892 36735522
22161096 3583951
16425459 14865325
8079892 152093583
3583951 105525951
27784905 211313381
17053 16330956
17078914 36735522
29779928 14134942
27784905 13180092
2779821 14860638
643653 17143528
138161660 16024323
19407028 16046338
643653 7670202
16322378 14784831
9549022 2779821
16425459 7670202
8704752 14810327
14784831 17053
16046338 59775073
11393832 14134942
6077902 16024323
2779821 9549022
15029953 11393832
290921816 15279452
38695016 7670202
152093583 11393832
2989781 16666617
18159189 14950586
30511479 16522244
17053 64659424
42923074 179403840
14188985 36735522
179403840 39416850
38695016 18877662
16394162 16522244
11393832 290921816
8079892 18698454
14860638 4519121
759003 19407028
16425459 211313381
13655472 290921816
7670202 15029953
16522244 18159189
105525951 18877662
252078513 16522244
17053 30511479
15029953 2779821
86737638 14202817
22161096 14202817
152093583 9549022
761032 364988422
473633856 90420314
11393832 166155537
68844371 16394162
59775073 13109502
37344658 14313755
13180092 30511479
54071173 15029953
34540982 15279452
16394162 643653
16394162 14950586
16394162 14865325
17053 9549022
8079892 22027186
27784905 387186414
108441652 2779821
179403840 7670202
6077902 14202817
13655472 3518191
54845467 15706128
38695016 16330956
3583951 38256058
17053 15279452
159607693 237845487
16425459 138161660
157218534 237845487
20745130 15706128
30511479 13655472
13655472 59775073
17143528 8079892
38695016 18952022
53511079 237845487
16394162 17143528
14811486 365293068
18952022 290921816
13180092 9549022
13655472 7670202
16425459 16394162
68844371 14784831
15642209 8079892
15466056 237845487
17053 18980276
215033470 22027186
95177505 643653
8079892 7670202
16666617 27518526
18952022 18698454
761032 90420314
14608831 90420314
31690017 16522244
13109502 14313755
759003 18877662
329533080 166155537
14860638 13109502
95177505 36735522
759003 55738917
15706128 17053
18698454 2779821
434652578 266257559
15281911 16522244
68844371 14415835
42923074 7670202
16394162 16322378
364988422 14188985
152093583 27784905
16330956 18952022
387186414 27784905
16024323 14810327
54071173 16522244
13180092 13109502
643653 14950586
43153525 22461427
15029953 20745130
179403840 8079892
36735522 759003
211313381 9549022
22161096 7670202
3583951 14860638
13655472 14313755
16322378 9549022
16322378 36735522
64659424 59775073
13180092 22027186
17143528 16522244
15029953 14313755
38695016 16046338
16522244 16330956
102868951 369700747
18698454 22027186
179403840 59775073
16394162 17053
17642363 90420314
22461427 90420314
16084728 14134942
16046338 759003
15029953 15281911
34540982 387186414
152093583 15281911
30511479 15029953
64659424 16425459
16666617 14860638
211313381 15706128
14608831 68844371
15279452 15281911
3518191 95177505
9549022 18877662
16084728 15706128
15029953 14860638
152093583 31690017
17078914 15279452
18159189 643653
759003 16666617
20745130 19407028
17143528 9549022
11393832 152093583
162775226 16353467
95177505 290921816
16666617 17053
36735522 14865325
13109502 2779821
8704752 36735522
434652578 430469424
18952022 64069241
16046338 64069241
15706128 759003
2779821 643653
7670202 27518526
16084728 27518526
8704752 643653
13655472 271176554
16322378 266257559
152093583 17143528
40306315 90420314
16322378 2779821
30511479 13109502
20745130 14784831
13109502 16330956
15384450 13655472
27784905 15642209
54071173 42923074
13109502 11393832
759003 9549022
159607693 22461427
16522244 266257559
473633856 274636942
53511079 138161660
159607693 14313755
38256058 27784905
30511479 18159189
16425459 59775073
16046338 18877662
15472368 36735522
11393832 18159189
102868951 237845487
30511479 15706128
14950586 15029953
64069241 14784831
15384450 3583951
68844371 14134942
473633856 27518526
13655472 14134942
54071173 15472368
16394162 16666617
15281911 59775073
16046338 17143528
14608831 16322378
14860638 17053
3583951 64659424
14865325 16522244
14860638 237845487
243456568 285153319
2989781 95177505
43153525 166155537
13180092 54845467
18877662 59775073
252078513 59775073
761032 68844371
18952022 162775226
16353467 15706128
16522244 70064694
364988422 237845487
34540982 13180092
20745130 643653
761032 14865325
20745130 14950586
102868951 18159189
14608831 20745130
8079892 14950586
38695016 19407028
16522244 42923074
179403840 15279452
162775226 15029953
22342406 95177505
9549022 36735522
16394162 9549022
274636942 54795290
3583951 17053
15279452 8079892
20745130 36735522
252078513 18952022
13655472 15472368
17053 36735522
14415835 15029953
38695016 16353467
16666617 22342406
4519121 54795290
761032 19407028
16522244 14810327
16425459 38695016
64069241 643653
18159189 13109502
7670202 16522244
22342406 39416850
16046338 7670202
15706128 17143528
6077902 90420314
3583951 15384450
13109502 15279452
13109502 30511479
759003 16330956
38695016 20745130
434652578 102868951
13655472 30511479
64659424 14784831
13180092 15029953
18000189 4519121
54795290 36735522
19407028 3583951
20745130 16322378
16522244 7670202
18952022 22027186
16394162 36735522
290921816 42923074
14784831 14810327
19407028 166155537
14950586 18698454
16046338 15279452
55738917 13109502
14784831 14865325
14784831 152093583
16425459 16666617
15029953 15472368
387186414 36735522
15466056 473633856
9549022 14415835
14608831 8079892
16522244 18877662
211313381 138161660
152093583 14950586
643653 90420314
16046338 14134942
14188985 15642209
18698454 15706128
16322378 13109502
13655472 14860638
14860638 15281911
108792399 70064694
643653 759003
14415835 14134942
64659424 18698454
16322378 17143528
14784831 7670202
157218534 166155537
53511079 13180092
16425459 17053
14134942 59775073
16322378 68844371
30511479 54845467
14608831 17053
43153525 18000189
16394162 11393832
8079892 14810327
13109502 3583951
6077902 364988422
759003 36735522
8079892 2779821
59775073 18877662
14134942 9549022
14950586 14810327
22342406 14810327
18000189 54795290
34540982 209258381
8079892 39416850
387186414 64069241
95177505 14784831
14608831 15706128
13109502 15029953
3583951 95177505
16666617 14950586
83212225 27784905
14134942 14950586
17143528 2779821
64069241 95177505
102868951 16522244
17642363 473633856
20745130 8079892
2779821 64069241
8079892 22342406
70064694 16522244
16522244 17802447
13109502 20745130
6077902 9549022
16061378 17486629
18159189 36735522
369700747 274636942
68844371 14188985
16425459 14134942
3518191 13655472
473633856 369700747
55738917 95177505
42923074 16522244
42923074 2779821
95177505 13655472
14415835 95177505
23544596 22027186
761032 237845487
16322378 23544596
14608831 14860638
14784831 20745130
209258381 15642209
759003 14415835
11393832 20745130
54795290 7670202
473633856 30511479
17143528 18698454
13655472 17802447
13655472 14950586
2779821 159607693
18698454 18952022
34540982 27784905
14608831 3583951
19407028 759003
53511079 16024323
54845467 13180092
14865325 14134942
14134942 8079892
304185486 90420314
42923074 64659424
16425459 17143528
70064694 31690017
64659424 16024323
31690017 42923074
95177505 13109502
42923074 15029953
15279452 15029953
31690017 36735522
17642363 7670202
16425459 95177505
53511079 15279452
14415835 36735522
16322378 14608831
13109502 39416850
14950586 64659424
54795290 20745130
14415835 759003
643653 8079892
16666617 13109502
15029953 16522244
38695016 15706128
14865325 16024323
36735522 39416850
38256058 15029953
68844371 2779821
38695016 11393832
16084728 19407028
11393832 16330956
16046338 15029953
2779821 108441652
13109502 152093583
9549022 15281911
211313381 15642209
8079892 13109502
11393832 7670202
16084728 13655472
3583951 18952022
161818214 271176554
22342406 16024323
13180092 16024323
9549022 8079892
38256058 211313381
14134942 14415835
14134942 138161660
15029953 18877662
53511079 14865325
14608831 14784831
215033470 430469424
11393832 18877662
43153525 95177505
290921816 31690017
4519121 18744957
290921816 15472368
22461427 22027186
15029953 17143528
20745130 64069241
18159189 7670202
38695016 16425459
8079892 16522244
14784831 15279452
9549022 759003
190291868 64069241
15279452 643653
22161096 13109502
14860638 387186414
102868951 365293068
15706128 54845467
15029953 13655472
15279452 36735522
6077902 54795290
16666617 271176554
15472368 14313755
95177505 152093583
190291868 2779821
15029953 643653
18159189 16522244
19407028 18204749
22342406 14865325
387186414 14860638
761032 14188985
68844371 16084728
53511079 209258381
59775073 15279452
53511079 290921816
271176554 209258381
18000189 86737638
17642363 166155537
15706128 8079892
20249032 14415835
14608831 16394162
22342406 13655472
18698454 17053
20745130 4519121
27518526 19407028
211313381 15281911
209258381 9549022
13109502 9549022
15384450 16522244
13180092 53511079
53511079 13109502
271176554 14810327
16330956 643653
42923074 18877662
271176554 19407028
290921816 64069241
18000189 43153525
36735522 15706128
9549022 13655472
14950586 643653
13109502 14860638
17053 643653
16522244 14865325
14134942 759003
20745130 13655472
3583951 14865325
8079892 13655472
14608831 15281911
14860638 18952022
64659424 643653
15029953 15642209
22161096 18877662
759003 8079892
20745130 14865325
31690017 290921816
162775226 16522244
16394162 14415835
13109502 17143528
36735522 13109502
16425459 9549022
18952022 36735522
54845467 36735522
15384450 16666617
759003 20745130
761032 20745130
15706128 36735522
18000189 36735522
38256058 3583951
78508531 15706128
38695016 15281911
15029953 39416850
14608831 14134942
152093583 22342406
16666617 15472368
759003 14313755
43153525 86737638
14784831 14188985
2779821 95177505
14860638 23544596
14860638 16330956
36735522 59775073
15384450 17053
13180092 15279452
14784831 2779821
761032 13655472
38256058 34540982
14865325 19407028
22161096 54845467
13180092 22461427
64659424 36735522
7670202 14865325
34540982 15472368
643653 387186414
38695016 152093583
15279452 290921816
329533080 14811486
387186414 16353467
27518526 2779821
22161096 19407028
54071173 13655472
95177505 9549022
13109502 17053
55738917 14860638
13655472 161818214
13180092 59775073
16425459 152093583
14810327 22342406
13180092 14860638
14811486 14313755
16394162 42923074
16084728 23544596
761032 18877662
38695016 36735522
23073327 18980276
434652578 365293068
54071173 3583951
14608831 17143528
30511479 759003
17053 95177505
22161096 162775226
14134942 11393832
53511079 8079892
761032 7670202
759003 16353467
37344658 14810327
2779821 759003
17053 39416850
95177505 16522244
759003 13109502
3583951 8079892
36735522 15279452
15384450 15279452
16394162 17078914
15706128 15642209
36735522 7670202
157218534 90420314
53511079 22027186
13109502 59775073
13655472 152093583
59775073 15029953
54071173 209258381
759003 16522244
36735522 64069241
17078914 9549022
59775073 14313755
17053 14950586
18698454 39416850
27784905 15029953
18952022 17053
643653 15029953
3583951 13180092
215033470 434652578
15279452 59775073
15706128 7670202
8079892 9549022
16425459 64659424
38695016 18698454
759003 17053
209258381 237845487
17053 759003
152093583 15706128
16425459 15642209
22342406 8079892
42923074 14810327
8079892 17053
13655472 22342406
102868951 36735522
68844371 14608831
18952022 9549022
13109502 15642209
14608831 16425459
16522244 17143528
16425459 161818214
18159189 759003
18204749 15472368
14134942 16024323
15642209 15472368
16046338 22342406
16352115 16084728
42923074 36735522
190291868 162775226
15466056 22461427
42923074 31690017
7670202 643653
20745130 14810327
14950586 13109502
15642209 15279452
15642209 643653
329533080 37344658
18698454 64069241
14811486 36735522
14950586 17143528
14950586 59775073
17078914 15706128
64659424 14950586
13109502 16353467
36735522 22342406
16322378 7670202
211313381 27784905
95177505 108792399
15029953 17053
16666617 15706128
9549022 13109502
17053 15472368
13109502 15472368
16046338 14865325
20745130 54795290
18877662 17143528
13655472 13109502
36735522 8079892
17642363 14811486
13109502 14950586
8704752 16024323
643653 18159189
16425459 13109502
19407028 271176554
38695016 179403840
16394162 16024323
17078914 17143528
15029953 13109502
16084728 16394162
43153525 14202817
22342406 27784905
14784831 643653
14784831 14950586
53511079 211313381
179403840 9549022
16046338 4519121
9549022 16522244
54845467 64069241
3583951 15706128
13180092 36735522
18877662 16522244
16425459 11393832
13180092 18698454
16522244 14134942
16666617 209258381
19407028 17053
211313381 17053
759003 2779821
209258381 64659424
2779821 18877662
11393832 16522244
105525951 16666617
34540982 16522244
17053 152093583
38695016 14415835
36735522 643653
15706128 15281911
18744957 54795290
38695016 16394162
434652578 274636942
22161096 36735522
15029953 237845487
27518526 759003
15029953 36735522
14134942 13109502
16046338 36735522
54071173 152093583
16330956 38695016
15279452 16522244
18952022 15281911
55738917 16394162
434652578 14514543
8079892 643653
34540982 15281911
55738917 13180092
22161096 16425459
7670202 18698454
42923074 15279452
138161660 14865325
329533080 15642495
252078513 38695016
252078513 36735522
759003 59775073
179403840 3583951
16084728 14865325
14134942 15706128
22342406 14950586
237845487 90420314
13655472 643653
14415835 14865325
64069241 15029953
78508531 64069241
16425459 16024323
13180092 14950586
759003 14134942
18698454 27784905
3583951 15029953
9549022 17078914
34540982 179403840
16522244 2779821
14860638 15029953
209258381 138161660
6077902 237845487
643653 15706128
14134942 27518526
8704752 14134942
16084728 22342406
2989781 237845487
36735522 15281911
211313381 38256058
38695016 22461427
15029953 18698454
14784831 16522244
761032 15706128
15029953 18952022
16046338 90420314
16046338 14784831
15642209 14950586
102868951 15029953
13655472 19407028
16322378 15706128
15279452 2779821
20745130 16046338
364988422 18980276
13655472 2779821
14865325 15642209
27784905 14860638
14784831 15281911
290921816 3583951
190291868 759003
13655472 31690017
54071173 36735522
2779821 17053
39416850 14313755
11393832 64069241
15642209 15029953
14784831 8079892
2779821 15472368
14784831 9549022
15642209 138161660
38695016 211313381
3583951 266257559
53511079 15281911
64069241 13180092
15642209 14313755
17053 14860638
16522244 22027186
22161096 16394162
54071173 59775073
18698454 16522244
3518191 15279452
38256058 13180092
16666617 161818214
16352115 16666617
17143528 13180092
36735522 95177505
15384450 95177505
16322378 16330956
3583951 13655472
102868951 14514543
15281911 13109502
285153319 243456568
13109502 64069241
34540982 38256058
16666617 3583951
27784905 18698454
38695016 17053
15029953 7670202
27784905 64069241
17143528 15706128
16425459 14415835
13109502 22342406
16522244 36735522
17078914 13109502
7670202 17143528
105525951 14865325
20745130 13109502
14134942 13655472
13180092 16522244
271176554 16666617
271176554 108792399
190291868 16024323
16353467 13180092
18952022 387186414
16046338 95177505
13109502 643653
16084728 7670202
15281911 15706128
4519121 20745130
14134942 14865325
16666617 18877662
179403840 759003
329533080 90420314
64659424 17053
16394162 16352115
179403840 16522244
2989781 18159189
34540982 15706128
16024323 53511079
18698454 64659424
16425459 2779821
16084728 18877662
13655472 9549022
179403840 17053
387186414 17143528
9549022 209258381
161818214 16425459
8704752 20745130
11393832 643653
2779821 15281911
14865325 9549022
20745130 39416850
190291868 16666617
16666617 16425459
16666617 17143528
16666617 15384450
162775226 209258381
22161096 9549022
15029953 15706128
15029953 64069241
64659424 2779821
152093583 59775073
14860638 27784905
473633856 237845487
54071173 22461427
22161096 30511479
16024323 15642209
761032 759003
16046338 27518526
30511479 14865325
16394162 152093583
434652578 369700747
55738917 759003
14784831 14860638
13109502 18159189
16425459 15281911
34540982 2779821
16084728 90420314
54845467 15281911
17053 18744957
16425459 22161096
643653 14865325
36735522 17053
27784905 90420314
18698454 8079892
13109502 7670202
15384450 13109502
2779821 14134942
14134942 16046338
38695016 209258381
16353467 36735522
434652578 215033470
22161096 161818214
364988422 20745130
15472368 15281911
18877662 14950586
15029953 9549022
22461427 23544596
14415835 266257559
16322378 14810327
64069241 387186414
11393832 27784905
211313381 13109502
36735522 15029953
13655472 16666617
64659424 42923074
2989781 90420314
16084728 759003
13109502 16666617
18952022 2779821
22342406 16666617
18698454 138161660
30511479 18877662
13655472 18877662
162775226 64069241
18952022 14313755
18698454 759003
102868951 22461427
14860638 15472368
54795290 4519121
42923074 13655472
11393832 2779821
17053 8079892
13180092 759003
20745130 14188985
16666617 759003
54071173 237845487
209258381 13109502
70064694 108792399
16522244 252078513
27518526 7670202
16394162 16046338
59775073 16522244
86737638 43153525
68844371 9549022
95177505 2779821
15384450 15029953
16394162 14784831
15281911 64069241
20745130 18159189
14134942 14810327
761032 27518526
15472368 14860638
14950586 36735522
16322378 20745130
473633856 365293068
179403840 17143528
15029953 59775073
211313381 27518526
15642209 15706128
16046338 15281911
190291868 13180092
42923074 95177505
7670202 15706128
14784831 179403840
271176554 18877662
17078914 17053
252078513 15281911
86737638 18000189
16666617 14810327
16522244 64069241
16046338 39416850
152093583 95177505
11393832 15281911
36735522 18159189
16046338 2779821
211313381 18698454
53511079 64069241
53511079 17143528
11393832 22027186
15029953 16330956
54071173 14134942
14608831 27518526
16425459 3583951
15029953 162775226
95177505 20745130
252078513 2779821
13180092 95177505
59775073 14950586
16522244 11393832
18204749 161818214
17143528 759003
18952022 152093583
17143528 20745130
54071173 15279452
761032 54795290
20745130 266257559
759003 18698454
643653 36735522
252078513 17053
14784831 64069241
14784831 759003
20745130 237845487
16394162 3583951
16084728 68844371
271176554 759003
14134942 16522244
14865325 2779821
64069241 36735522
16084728 11393832
16666617 38695016
22161096 17143528
16024323 759003
102868951 274636942
643653 95177505
14134942 20745130
7670202 54795290
70064694 161818214
8704752 90420314
20745130 15029953
252078513 13655472
16046338 13655472
473633856 15706128
27784905 38256058
16046338 8079892
138161660 209258381
211313381 36735522
38695016 64069241
16394162 15706128
59775073 15281911
18698454 7670202
18952022 16522244
15029953 18159189
26056708 23544596
16522244 8079892
70064694 290921816
16522244 9549022
2779821 8079892
16522244 22461427
761032 14134942
17053 14784831
13180092 3583951
9549022 179403840
13180092 15281911
13655472 16522244
16394162 16084728
13655472 252078513
473633856 98889091
20745130 9549022
13655472 759003
9549022 14784831
38695016 13180092
19407028 7670202
16084728 14810327
761032 18980276
152093583 15029953
159607693 36735522
14950586 7670202
16046338 643653
387186414 59775073
18952022 252078513
43153525 14865325
64069241 17053
11393832 759003
7670202 95177505
209258381 759003
108792399 161818214
13180092 16353467
38695016 27518526
13180092 17143528
152093583 7670202
16425459 14608831
18877662 14313755
162775226 22027186
13109502 27784905
16046338 11393832
54845467 18877662
34540982 36735522
162775226 22161096
179403840 42923074
15642209 14865325
13655472 18698454
55738917 15279452
108792399 759003
14608831 18877662
2779821 59775073
34540982 14860638
16394162 95177505
64069241 30511479
30511479 36735522
2779821 17143528
14784831 290921816
13180092 27784905
22161096 159607693
138161660 211313381
8079892 20745130
20745130 17143528
14608831 759003
95177505 18159189
16394162 15279452
53511079 15706128
215033470 54795290
16425459 759003
16522244 13655472
18698454 15281911
9549022 22342406
18952022 17143528
38695016 59775073
42923074 209258381
17078914 14810327
108792399 13109502
17053 16522244
18877662 18159189
14188985 18980276
27784905 2779821
42923074 252078513
6077902 22027186
16425459 19407028
15706128 64069241
7670202 759003
36735522 2779821
14134942 15029953
209258381 16666617
15384450 14860638
11393832 209258381
14860638 34540982
17053 15706128
16046338 16024323
68844371 22461427
38695016 16522244
38256058 209258381
16425459 42923074
304185486 40306315
18698454 36735522
64069241 209258381
16046338 14950586
64069241 290921816
22161096 14415835
17078914 15642209
7670202 13109502
16394162 211313381
30511479 9549022
290921816 15642209
14811486 486984893
152093583 8079892
2779821 15642209
54845467 15642209
16666617 16394162
2779821 16522244
138161660 36735522
15384450 64069241
53511079 23544596
3583951 30511479
70064694 152093583
274636942 20745130
70064694 42923074
14134942 2779821
16024323 237845487
102868951 17642363
22161096 18698454
39416850 16522244
29779928 14202817
13655472 70064694
16425459 16352115
179403840 64659424
7670202 14950586
17078914 14784831
14811486 15029953
16425459 190291868
16425459 27518526
211313381 16024323
15466056 40306315
31690017 13655472
14784831 18877662
8079892 15279452
14188985 20745130
13180092 64069241
14950586 8079892
152093583 14134942
14608831 761032
17053 59775073
13655472 8079892
54845467 17078914
11393832 8079892
14134942 22342406
15384450 36735522
11393832 22461427
16666617 20745130
55738917 271176554
4519121 14860638
190291868 59775073
18000189 3583951
18000189 22461427
15029953 13180092
290921816 166155537
3518191 2779821
15384450 15281911
252078513 290921816
138161660 14134942
15279452 15642209
68844371 761032
14784831 16330956
17053 18952022
304185486 22027186
15281911 15029953
86737638 90420314
13109502 95177505
40306315 22027186
18698454 59775073
13180092 290921816
17078914 27784905
22161096 237845487
16522244 759003
209258381 15706128
6077902 18980276
34540982 15029953
761032 9549022
53511079 15642209
14784831 13109502
18877662 13655472
434652578 15642495
759003 14865325
152093583 17053
13109502 16522244
36735522 16330956
40306315 23544596
14950586 16522244
22161096 15279452
16425459 643653
16522244 22342406
17143528 13109502
8704752 14950586
20745130 59775073
17143528 64069241
59775073 18698454
211313381 54795290
18698454 237845487
22342406 59775073
13109502 13655472
152093583 20745130
64069241 54845467
15281911 2779821
211313381 2779821
68844371 759003
17143528 15029953
13655472 15281911
759003 39416850
2779821 13109502
14134942 7670202
161818214 13109502
18000189 166155537
304185486 4519121
16046338 19407028
9549022 16046338
2779821 36735522
16425459 18877662
304185486 22461427
473633856 14514543
16425459 16322378
27518526 15706128
86737638 22461427
18952022 643653
15029953 152093583
761032 16425459
64069241 13109502
38695016 759003
18698454 15642209
290921816 13109502
14860638 13655472
16353467 27784905
15472368 15029953
14865325 16046338
16394162 14134942
18000189 18744957
15706128 643653
15029953 14810327
27784905 152093583
17143528 36735522
11393832 13109502
16353467 14865325
59775073 36735522
95177505 271176554
15279452 209258381
8079892 14784831
643653 2779821
13655472 15706128
17143528 14950586
17143528 643653
16394162 761032
64069241 15706128
179403840 2779821
17053 13109502
16322378 15281911
18952022 3583951
14134942 643653
9549022 7670202
30511479 64069241
17143528 14134942
19407028 14865325
15281911 14860638
30511479 2779821
643653 16522244
36735522 14950586
13109502 8079892
9549022 152093583
11393832 15706128
42923074 9549022
36735522 15472368
211313381 759003
34540982 15642209
55738917 209258381
15384450 237845487
271176554 13655472
16666617 16352115
18698454 18159189
2779821 18698454
13109502 15281911
19407028 237845487
36735522 237845487
14865325 20745130
759003 14950586
16046338 20745130
30511479 3583951
13655472 3583951
42923074 30511479
2779821 152093583
18952022 266257559
22161096 27784905
14865325 27518526
16522244 14608831
17053 22027186
16322378 643653
16322378 27784905
20745130 14313755
15029953 14784831
18877662 7670202
105525951 9549022
2779821 15279452
38695016 190291868
16666617 64069241
22342406 15472368
643653 15279452
9549022 252078513
14865325 14810327
152093583 16522244
138161660 14810327
15384450 15472368
152093583 3583951
54845467 16353467
18952022 14950586
53511079 22461427
64069241 16522244
13655472 39416850
8079892 15029953
13109502 15706128
22161096 209258381
19407028 95177505
16322378 8079892
152093583 643653
22342406 14415835
14860638 39416850
16425459 761032
162775226 18952022
64069241 190291868
14134942 14784831
14865325 14415835
15281911 17053
16330956 16322378
8704752 22027186
16394162 22161096
14134942 40306315
9549022 64069241
3583951 179403840
19407028 27518526
3583951 15472368
16522244 14313755
759003 7670202
16522244 39416850
179403840 15706128
15279452 13109502
18698454 643653
22161096 4519121
13655472 14865325
18698454 13180092
18698454 13655472
20745130 16394162
30511479 42923074
18000189 14202817
759003 15279452
64659424 13180092
16046338 14810327
22161096 14865325
54071173 27784905
18698454 17143528
18159189 18698454
9549022 15029953
34540982 16353467
14784831 39416850
7670202 36735522
30511479 16666617
16084728 16425459
8079892 14134942
16394162 38695016
19407028 13109502
17078914 16024323
17053 13180092
14811486 18744957
152093583 27518526
8079892 759003
13180092 14202817
42923074 290921816
18204749 19407028
54795290 15029953
14811486 434652578
16425459 36735522
18744957 4519121
252078513 15279452
17143528 17053
14784831 15472368
68844371 16322378
17078914 15281911
14134942 17143528
30511479 17053
3518191 759003
16394162 15281911
16522244 31690017
16522244 20745130
53511079 54845467
16522244 13109502
14865325 759003
15029953 15279452
38695016 15029953
16394162 237845487
22161096 759003
761032 8079892
7670202 39416850
13109502 18698454
179403840 152093583
16394162 271176554
17642363 98889091
68844371 16425459
9549022 290921816
39416850 16330956
15706128 152093583
15472368 22027186
16024323 14865325
15279452 13655472
27518526 14865325
7670202 8079892
9549022 14134942
13655472 237845487
27784905 53511079
59775073 17143528
16522244 59775073
161818214 16666617
78508531 14608831
3583951 290921816
17802447 13655472
22342406 152093583
209258381 290921816
8079892 15642209
64069241 9549022
15706128 2779821
2989781 7670202
190291868 19407028
20745130 2779821
271176554 70064694
17078914 54795290
102868951 90420314
36735522 16522244
759003 15029953
16353467 16024323
434652578 22027186
16425459 14784831
14865325 16353467
11393832 15472368
152093583 759003
2989781 18877662
20745130 27518526
38695016 13109502
22342406 36735522
643653 16330956
18698454 23544596
7670202 18159189
13109502 36735522
16322378 59775073
13655472 36735522
13180092 64659424
6077902 23544596
105525951 13109502
27784905 15281911
18698454 14950586
190291868 95177505
20745130 95177505
14860638 36735522
159607693 166155537
16024323 36735522
15642209 36735522
22342406 759003
64659424 13109502
15281911 15472368
14784831 95177505
3583951 15281911
16046338 15706128
16522244 30511479
16522244 15279452
215033470 172521293
9549022 30511479
14865325 13655472
271176554 161818214
16352115 16394162
34540982 54795290
17642363 365293068
18952022 14860638
759003 15706128
16352115 15706128
16084728 16352115
152093583 14865325
54795290 18744957
105525951 3583951
102868951 98889091
14784831 14608831
16084728 16666617
14860638 14313755
64069241 252078513
38695016 34540982
252078513 9549022
22342406 13109502
9549022 11393832
53511079 36735522
473633856 76339961
22342406 20745130
14134942 22461427
209258381 64069241
13180092 15706128
54845467 759003
95177505 7670202
15279452 15472368
18952022 15706128
20745130 16522244
152093583 2779821
473633856 17642363
14950586 2779821
759003 27518526
190291868 15706128
18952022 13109502
13180092 8079892
59775073 643653
434652578 98889091
18698454 13109502
18000189 237845487
64659424 15642209
16046338 17053
38695016 14134942
17053 3583951
8704752 7670202
22342406 16522244
179403840 95177505
2989781 36735522
38695016 643653
38695016 14950586
16024323 23544596
190291868 13109502
15029953 22461427
8079892 252078513
38695016 15279452
13180092 38256058
11393832 95177505
31690017 70064694
759003 15472368
17053 15029953
18698454 166155537
15279452 14784831
190291868 16353467
15706128 9549022
152093583 14810327
14415835 20249032
16522244 15706128
31690017 95177505
152093583 14784831
162775226 36735522
16046338 14415835
14811486 16522244
364988422 22461427
16322378 17053
152093583 18159189
18698454 3583951
16425459 14950586
14950586 39416850
190291868 15281911
14865325 18980276
16522244 14784831
14784831 18952022
16330956 39416850
20745130 759003
17053 15281911
14202817 18000189
36735522 15642209
159607693 22027186
18952022 15029953
8079892 14865325
19407028 13655472
152093583 36735522
36735522 14860638
643653 11393832
16425459 16046338
290921816 252078513
53511079 27784905
39416850 8079892
759003 11393832
36735522 14134942
14608831 16046338
190291868 38695016
759003 54795290
55738917 27518526
761032 11393832
2779821 18159189
8704752 266257559
34540982 64069241
22161096 15281911
159607693 108441652
643653 159607693
34540982 17053
16522244 643653
16522244 14950586
16353467 13109502
252078513 22027186
15384450 19407028
16522244 15472368
15472368 290921816
95177505 161818214
13655472 15029953
68844371 16046338
54795290 22027186
161818214 70064694
15642209 17143528
11393832 18698454
11393832 17053
22161096 17053
190291868 16425459
16394162 7670202
102868951 486984893
13180092 15472368
105525951 7670202
14865325 30511479
34540982 90420314
14865325 237845487
8704752 95177505
16024323 166155537
14415835 22342406
9549022 17143528
473633856 15466056
15029953 54795290
18159189 2779821
3518191 237845487
16522244 18698454
17053 17143528
15029953 8079892
9549022 42923074
14811486 17642363
759003 95177505
14784831 59775073
54845467 2779821
18159189 20745130
16024323 22027186
17143528 95177505
16425459 13655472
161818214 27518526
64069241 2779821
15642209 16024323
14784831 3583951
17143528 152093583
9549022 643653
14188985 18744957
290921816 30511479
13109502 18952022
20745130 7670202
252078513 14784831
18698454 14860638
18159189 18877662
17143528 7670202
64659424 15706128
7670202 18877662
16425459 16522244
157218534 304185486
271176554 95177505
761032 2779821
54071173 95177505
16394162 8079892
643653 13109502
22161096 266257559
252078513 18698454
13655472 18159189
14811486 237845487
179403840 14784831
17143528 15642209
27784905 15706128
14784831 36735522
13655472 14784831
38695016 16322378
16046338 9549022
18159189 15029953
387186414 13109502
643653 17053
38695016 3583951
13180092 17053
31690017 152093583
18698454 14313755
9549022 15706128
8079892 17143528
15029953 759003
18000189 14865325
761032 17143528
17053 11393832
152093583 179403840
14784831 64659424
252078513 15029953
16394162 18877662
14950586 14313755
7670202 16666617
266257559 22461427
759003 18159189
54845467 9549022
8079892 95177505
13109502 759003
138161660 15642209
43153525 90420314
38256058 15706128
759003 14784831
759003 15281911
16522244 95177505
14608831 13109502
64659424 3583951
761032 643653
36735522 17143528
761032 16394162
22161096 22027186
304185486 157218534
18000189 90420314
14811486 274636942
78508531 36735522
759003 17143528
761032 16084728
95177505 759003
16394162 13655472
16425459 16084728
18204749 38695016
38695016 14865325
14865325 643653
42923074 15706128
16425459 20745130
15281911 13180092
157218534 4519121
70064694 13109502
11393832 36735522
105525951 36735522
38256058 15279452
14865325 36735522
13655472 95177505
14865325 23073327
759003 643653
38695016 252078513
13655472 42923074
17143528 59775073
211313381 387186414
15642209 2779821
15029953 95177505
54071173 13109502
387186414 17053
16425459 68844371
16394162 20745130
13655472 22461427
13655472 17143528
14784831 15029953
17078914 18744957
209258381 42923074
19407028 16666617
34540982 13109502
14860638 16522244
161818214 18204749
15384450 2779821
11393832 14950586
16425459 16061378
13655472 209258381
17222954 209258381
15183751 209258381
21345893 209258381
40294685 209258381
214328887 3954801