47802716 29863027
14596164 23834956
47802716 657863
43815496 1183041
15249156 1183041
54695584 7861312
92380677 212059408
18713254 19029137
329792224 31353077
166155537 18393773
101658059 54695584
15745434 20747847
61430272 31353077
21816783 31353077
21415375 15745434
47802716 1183041
7861312 7861622
7861622 71948626
14794851 282917455
791124 813286
369316479 212059408
1715051 18713254
47802716 14075928
1183041 180540375
130922325 18713254
14202104 164242095
31281702 31353077
29863027 31353077
148415637 15745434
14794851 16677973
15053535 19562228
43815496 7861312
15001424 19562228
1715051 14075928
334321077 31353077
92108606 47802716
15415876 47802716
1715051 29863027
71948626 130922325
291963936 14413075
53878981 53815969
23834956 14927205
14927205 7861312
14927205 126881128
22458328 31353077
15001424 22458328
71948626 14303746
90420314 31353077
61430272 90420314
15001424 18965663
30062095 231144443
71948626 378171907
14506253 1183041
148415637 21415375
31353077 35175054
15001424 134382715
47802716 14683704
15745434 21415375
1183041 14166096
15226655 22458328
15745434 95177505
14596164 1586811
6539592 180540375
61430272 18393773
47802716 369316479
16956955 334321077
30062095 40141315
101658059 61430272
47802716 7861312
15661871 14506253
92380677 14464369
14927205 15001424
31281702 334321077
329792224 59525600
16956955 18713254
92380677 92108606
14596164 14794851
105398724 100383683
105398724 53878981
15415876 15226655
14794851 18772355
15001424 23834956
23834956 15001424
134382715 92108606
47802716 334321077
14927205 31353077
14721354 14580197
22458328 14075928
29811763 18393773
14794851 198285459
18393773 166155537
116366025 31353077
35175054 813286
18424591 18963070
71948626 1183041
19029137 1183041
134382715 15001424
14596164 14927205
15001424 239253837
49709710 35175054
18963070 18713254
14596164 343106471
14927205 23834956
14506253 1715051
18713254 19562228
49709710 59347826
1715051 7861312
71948626 6539592
14794851 1183041
341315592 21415375
282917455 212059408
15001424 14075928
92380677 15226655
15745434 1586811
378171907 15661871
100378864 126881128
320463544 31353077
14794851 813286
14202104 316444900
14596164 53815969
31353077 1183041
100378864 61430272
18393773 10798802
22458328 19562228
15415876 14596164
92108606 14596164
15226655 18393773
7861622 90420314
54695584 53878981
15053535 14596164
14413075 18713254
92380677 7861312
40141315 1183041
53815969 61430272
166155537 164242095
30062095 657863
22458328 92108606
18963070 166155537
791124 14813320
134382715 14927205
1183041 14464369
90420314 14506253
14721354 14464369
47802716 14413075
29811763 813286
470898950 334321077
14596164 18772355
18393773 1183041
47802716 343106471
15415876 15001424
61430272 54695584
54695584 61430272
30062095 90420314
341315592 212059408
282917455 90420314
15745434 148415637
14596164 21816783
61430272 101658059
31353077 16956955
90420314 813286
6539592 130922325
285106004 10798802
7861622 35175054
14596164 47802716
231144443 90420314
231144443 813286
341315592 369316479
116366025 105398724
6054912 18963070
18803650 19562228
1183041 18393773
15001424 21816783
14596164 16677973
101658059 31353077
15880163 18963070
470898950 7861312
31353077 1715051
31353077 7861312
14596164 18803650
813286 14596164
71948626 15249156
14580197 130922325
164242095 18713254
49709710 18424591
7861312 18713254
14794851 19029137
15226655 1183041
14506253 6539592
22458328 15001424
29863027 29922377
7861312 90420314
18803650 14413075
18393773 14202104
14794851 15415876
54695584 31353077
7861312 18963070
14596164 19453252
92108606 15001424
813286 7861312
92380677 14794851
14794851 126881128
14794851 239253837
341315592 813286
134382715 14794851
14794851 470898950
21415375 20747847
14927205 92380677
92108606 14927205
6539592 14506253
1183041 19029137
47802716 10798802
16956955 31353077
21816783 92108606
6054912 7861312
341315592 92380677
14596164 282917455
29863027 1715051
14166096 813286
16956955 130922325
14506253 19029137
100383683 101658059
18393773 164242095
47802716 813286
341315592 126881128
14596164 14413075
19562228 18393773
21415375 18393773
180540375 1183041
164242095 14075928
14166096 791124
100378864 53878981
332375645 1183041
14202104 18713254
92108606 76389739
54695584 130922325
31353077 14506253
35175054 14202104
14927205 239253837
21415375 14202104
1715051 14506253
15001424 92108606
14927205 6054912
92380677 14596164
657863 18772355
47802716 19562228
14794851 343106471
59525600 18393773
14596164 1183041
101658059 100383683
1715051 90420314
369316479 47802716
18393773 15661871
239253837 14927205
134382715 470898950
14794851 21816783
71948626 18713254
105398724 61430272
6539592 14075928
14794851 15249156
92380677 15001424
116366025 100383683
18713254 7861312
59347826 19562228
14596164 15661871
14927205 92108606
813286 18465629
16956955 320463544
145835700 18465629
1183041 14580197
7861622 19029137
14580197 18393773
369316479 341315592
6054912 31353077
61430272 16956955
53815969 54695584
14794851 657863
14794851 341315592
282917455 15001424
92380677 18963070
14794851 6054912
18393773 90420314
53815969 100383683
71948626 15661871
470898950 15001424
20747847 332375645
100378864 116366025
470898950 90420314
14794851 14927205
35175054 18963070
16956955 6539592
657863 813286
7861622 1183041
14596164 19562228
92380677 31353077
14580197 180540375
18803650 14464369
18772355 657863
21415375 43067446
71948626 14506253
6539592 90420314
341315592 180540375
30062095 1183041
14596164 470898950
285106004 18393773
71948626 14075928
14794851 14075928
100378864 54695584
47802716 14596164
7861622 18393773
813286 14202104
369316479 164242095
14794851 134382715
31353077 29863027
71948626 166155537
14721354 14303746
14596164 92108606
22458328 92380677
134382715 21816783
239253837 14596164
1586811 14303746
15001424 31353077
14506253 90420314
47802716 92108606
18713254 164242095
61430272 53815969
15249156 90420314
47802716 282917455
343106471 14794851
6054912 1715051
332375645 20747847
14927205 180540375
813286 15249156
14580197 14464369
7861312 1183041
47802716 15001424
14794851 15661871
14794851 18393773
14794851 71948626
14413075 7861312
14260651 813286
15001424 92380677
14596164 15001424
130922325 18393773
657863 791124
14927205 14683704
47802716 15745434
231144443 14506253
92380677 47802716
14794851 31353077
15745434 18393773
35175054 18424591
14413075 791124
166155537 18713254
14927205 89227052
10798802 18393773
14794851 47802716
14927205 19562228
21816783 15001424
23834956 14794851
470898950 31353077
1183041 16956955
15226655 7861312
92380677 341315592
15053535 14927205
100378864 105398724
92108606 134382715
14596164 7861312
31281702 14927205
53878981 54695584
14596164 15415876
1715051 334321077
470898950 22458328
341315592 7861312
21816783 14596164
7861312 43815496
14927205 21816783
14794851 145835700
14927205 212059408
14927205 14794851
92108606 21816783
18713254 14506253
14166096 18713254
14927205 134382715
21415375 148415637
341315592 90420314
95177505 148415637
16956955 1183041
21816783 14794851
92380677 442498038
18713254 90420314
1586811 15745434
74322741 14596164
15001424 47802716
18803650 19029137
1183041 31353077
14464369 14303746
47802716 7861622
54695584 90420314
92380677 343106471
101658059 18393773
6539592 16956955
18963070 14075928
813286 14794851
14596164 61430272
15226655 14596164
1183041 7861312
53878981 61430272
316444900 14202104
14927205 16677973
49709710 116612323
7861312 316444900
92108606 22458328
282917455 14794851
7861312 15249156
239253837 15001424
105398724 53815969
71948626 7861622
369316479 166155537
29863027 126881128
282917455 47802716
22458328 47802716
470898950 134382715
92380677 19453252
341315592 31353077
341315592 14506253
14596164 17585297
18465629 813286
71948626 7861312
14794851 92380677
813286 6539592
813286 17229208
130922325 813286
14927205 19453252
100383683 100378864
61430272 53878981
657863 15661871
14596164 813286
14927205 14813320
71948626 1715051
47802716 15226655
14596164 145835700
341315592 14075928
791124 291963936
341315592 15001424
116366025 53878981
282917455 6054912
47802716 22458328
30062095 19562228
14794851 18963070
6539592 231144443
101658059 16956955
470898950 14794851
15745434 6539592
14596164 212059408
791124 14413075
14794851 21415375
1715051 31353077
1586811 31353077
231144443 19562228
18465629 6539592
14596164 341315592
6054912 18424591
14202104 18393773
15249156 7861622
22458328 23834956
148415637 43067446
92380677 334321077
100378864 53815969
7861312 14413075
14260651 15661871
6054912 14166096
14794851 19453252
657863 14413075
14794851 378171907
47802716 18803650
18803650 14303746
1715051 29922377
813286 14260651
101658059 53878981
54695584 18713254
341315592 15415876
14596164 11423552
282917455 22458328
15001424 126464172
164242095 166155537
92108606 14794851
7861622 15249156
18803650 657863
334321077 1715051
92108606 281670654
15226655 10798802
341315592 18713254
53815969 16956955
116366025 54695584
7861622 31353077
18713254 18393773
15226655 14683704
1183041 15661871
15226655 95177505
14794851 442498038
14794851 15880163
21816783 14927205
47802716 19029137
47802716 31353077
341315592 7861622
22458328 14927205
14596164 134382715
14794851 7861622
14927205 15661871
18424591 6054912
14794851 7861312
15661871 31353077
100383683 116366025
116366025 101658059
1183041 14075928
15661871 7861312
15033883 191597349
20727819 17525171
16312576 7885972
17054396 36756075
36751886 17525171
21904217 14497313
18086960 34676063
21904217 3291841
78670429 20727819
80100872 39378322
14497313 15291335
19981142 36947388
17446621 26585095
14497313 22207520
3291841 10228272
17446621 21904217
22207520 19981142
26265033 21904217
17054396 14407302
18122488 15687962
228866701 30104231
78670429 17054396
39378322 27308964
36947388 26265033
17054396 3291841
31943671 17602896
58896265 17853760
17388955 17525171
24216951 22207520
21344543 17054396
14497313 26265033
20734411 2367911
17388955 14497313
19981142 24216951
18122488 2367911
16312576 2367911
18086960 17093617
17054396 18122488
36756075 36751886
17950109 15279429
228866701 243284052
15291335 15687962
20734411 78670429
282679871 17093617
2367911 15279429
78670429 17602896
22207520 17602896
31943671 15033883
15033883 25553507
21904217 17093617
80100872 80102911
31943671 34676063
21232605 39378322
21232605 27308964
14996251 15033883
18086960 24019308
78670429 15291335
21344543 31943671
20727819 14497313
15291335 254280897
18372111 38701294
3291841 17054396
24019308 43192807
26265033 17602896
14996251 15291335
3291841 19981142
21344543 14497313
58896265 3291841
15291335 17446621
20727819 15687962
19981142 78670429
61083773 34704894
31943671 17054396
16312576 17602896
23990483 119551241
25553507 15033883
8262112 24019308
14497313 58896265
36756075 36753802
61083773 39378322
23990483 20255162
17446621 2367911
17093617 14996251
26265033 17388955
14497313 17093617
80100872 61083773
27308964 80100872
19981142 15291335
14996251 3291841
8262112 14407302
17388955 17853760
3291841 24019308
15291335 15033883
31943671 7885972
80100872 27308964
34676063 16312576
14996251 2367911
18122488 20727819
21904217 24216951
21344543 191597349
58896265 36756075
39378322 34704894
10228272 17602896
78670429 23990483
21344543 26265033
2367911 252709160
34676063 36751886
16820575 61083773
58896265 17446621
18122488 10228272
78670429 17388955
14497313 43192807
18122488 15033883
36756075 17525171
23990483 20727819
17525171 21904217
43192807 19981142
19981142 17602896
21904217 15279429
43192807 36947388
31943671 16312576
23990483 18122488
14497313 7885972
17446621 24216951
58896265 24019308
61083773 43192807
14497313 243284052
18086960 26585095
18122488 15291335
20734411 26265033
243284052 21904217
8262112 17525171
84774312 61083773
20727819 15033883
58896265 30104231
16820575 80100872
252709160 2367911
2367911 17446621
3291841 15279429
16312576 20727819
23990483 26585095
17388955 17093617
3291841 15291335
18122488 3291841
31943671 17388955
18086960 254280897
78670429 14497313
84774312 34704894
58896265 16312576
15291335 2367911
18086960 20255162
79532884 80100872
21232605 84774312
34704894 27308964
18086960 36753802
14996251 24216951
78670429 17525171
17446621 15291335
78670429 30104231
18086960 23990483
43192807 14407302
148115885 17093617
22207520 15033883
3291841 243284052
17446621 20727819
2367911 15687962
16312576 26585095
7885972 15687962
26265033 14407302
38701294 61083773
78670429 15279429
18122488 23990483
23990483 17602896
43192807 10228272
61083773 14696238
16312576 14497313
16820575 34704894
27308964 61083773
24019308 15291335
24019308 36947388
20734411 61083773
18086960 36947388
18086960 31943671
31943671 18086960
17388955 26265033
24019308 3291841
78670429 14407302
17388955 20255162
24216951 36751886
58896265 15279429
36947388 14407302
19981142 7885972
58896265 15687962
80102911 27308964
17388955 16312576
14497313 10228272
58896265 7885972
24216951 15291335
16827760 16820575
43192807 20255162
80100872 84774312
14497313 389621027
20727819 24019308
20255162 17525171
34704894 16820575
21344543 20255162
17446621 3291841
3291841 14497313
78670429 20734411
78670429 34676063
27308964 16820575
34704894 39378322
19981142 20255162
17054396 24019308
21232605 80102911
78670429 15687962
2367911 26585095
31943671 78670429
80102911 16827760
3291841 22207520
58896265 34676063
17388955 31943671
21232605 16820575
21904217 16312576
14696238 17525171
17525171 36751886
20727819 78670429
31943671 10228272
27308964 80102911
16827760 39378322
14497313 17602896
78670429 15033883
84774312 27308964
34704894 16827760
24019308 21904217
17093617 18086960
19981142 43192807
14996251 16312576
38701294 17093617
17446621 243284052
21344543 17602896
58896265 43192807
26265033 17525171
3291841 24216951
31943671 24216951
16312576 228866701
22207520 16312576
3291841 21904217
31943671 20734411
14497313 24019308
31943671 19981142
17602896 14497313
17388955 36756075
17525171 36756075
17054396 2367911
17446621 43192807
119551241 26265033
18086960 3291841
31943671 21344543
8262112 16312576
31943671 26265033
21904217 17602896
39378322 84774312
84774312 39378322
15291335 10228272
19981142 17093617
17446621 19981142
17388955 15279429
78670429 17093617
16312576 43192807
21904217 20727819
18122488 36947388
17525171 15291335
17388955 15033883
17093617 389621027
31943671 36947388
18122488 21904217
58896265 2367911
14497313 38701294
17446621 14407302
14497313 20734411
19981142 2367911
16312576 252709160
17446621 10228272
17525171 14407302
17602896 17446621
23990483 18086960
18122488 17054396
36947388 34676063
22207520 17093617
16827760 17853760
27308964 14696238
18086960 36756075
2367911 30104231
58896265 18122488
191597349 14696238
17388955 7885972
18122488 389621027
16312576 15291335
17388955 3291841
21904217 15033883
80102911 39378322
15033883 17602896
58896265 18086960
17525171 15687962
31943671 17525171
24216951 43192807
20255162 19981142
17093617 14497313
39378322 16827760
18086960 43192807
31943671 58896265
21344543 24019308
18122488 243284052
58896265 17602896
18122488 24019308
15291335 15279429
27308964 84774312
17446621 36947388
19981142 24019308
43192807 26265033
21904217 43192807
23990483 17446621
24216951 243284052
23990483 17388955
17446621 17602896
17602896 16312576
17388955 22207520
24216951 36756075
24216951 26585095
18122488 25553507
14996251 36947388
80102911 80100872
14497313 17525171
14996251 17602896
14996251 21904217
34676063 36756075
58896265 119551241
84774312 80102911
80102911 16820575
16312576 24216951
36947388 17525171
18086960 2367911
78670429 36947388
17388955 78670429
34676063 17446621
23990483 21904217
43192807 20727819
20727819 31943671
19981142 17054396
36947388 15687962
20255162 14497313
14497313 14996251
58896265 23990483
39302914 17093617
79532884 34704894
31943671 18122488
24216951 20727819
36753802 17525171
84774312 16827760
14497313 15687962
31943671 20255162
78670429 24216951
21904217 36756075
26265033 17446621
20255162 43192807
19981142 3291841
58896265 20727819
58896265 36947388
17093617 39302914
15291335 24019308
16820575 17446621
21904217 19981142
21344543 78670429
17388955 20734411
191597349 21344543
17388955 17446621
23990483 78670429
26265033 24019308
17446621 15033883
21344543 17446621
43192807 15291335
79532884 61083773
80100872 34704894
31943671 36756075
31943671 21904217
14497313 17388955
84774312 80100872
36947388 14497313
14996251 78670429
14696238 191597349
61083773 16827760
17525171 17602896
31943671 15687962
17388955 24216951
19981142 17525171
21904217 24019308
16827760 80102911
78670429 24019308
3291841 20255162
17525171 10228272
18122488 17602896
36947388 24019308
3291841 16312576
15291335 252709160
21232605 16827760
21344543 19981142
17388955 23990483
25553507 17446621
26265033 16312576
31943671 22207520
19981142 36756075
14497313 389229444
17446621 23990483
20727819 14407302
17446621 20255162
18086960 21904217
18122488 34676063
14497313 18086960
78670429 19981142
38701294 18086960
18122488 58896265
3291841 17602896
17446621 31943671
17388955 43192807
27308964 39378322
16312576 15033883
24216951 17602896
43192807 21904217
78670429 7885972
16827760 34704894
119551241 23990483
17446621 14497313
14497313 78670429
21232605 34704894
19981142 31943671
8262112 43192807
18122488 15279429
16312576 24019308
78670429 3291841
23990483 58896265
15291335 243284052
17525171 17054396
31943671 2367911
18122488 78670429
23990483 17093617
17093617 21904217
16312576 17446621
18086960 22207520
24019308 14497313
282679871 14497313
14497313 14407302
20255162 14407302
21344543 15291335
21344543 17525171
18086960 78670429
18086960 19981142
36753802 36751886
21344543 24216951
18122488 254280897
31943671 24019308
36947388 17446621
24216951 2367911
26265033 25553507
16820575 14696238
20255162 15291335
78670429 43192807
80102911 84774312
16827760 27308964
27308964 16827760
36947388 43192807
19981142 26265033
17525171 24019308
14497313 2367911
16820575 80102911
22207520 15291335
7885972 26585095
2367911 7885972
30104231 17093617
14996251 228866701
228866701 26585095
17525171 19981142
14497313 36947388
17388955 21904217
18086960 17446621
18086960 20734411
21904217 14407302
26265033 15033883
14996251 15687962
20255162 3291841
23990483 15687962
36947388 20727819
58896265 15291335
26265033 17054396
36947388 17093617
36947388 20255162
61083773 27308964
18122488 31943671
43192807 3291841
14497313 26585095
252709160 16312576
10228272 16312576
18086960 17602896
61083773 84774312
389621027 14497313
8262112 17446621
8262112 17602896
30104231 24216951
17525171 16312576
30104231 58896265
21344543 14407302
14497313 16312576
16312576 15687962
17388955 10228272
15291335 16312576
17054396 17525171
10228272 17093617
78670429 18122488
17446621 15279429
17446621 17853760
21232605 80100872
36947388 17054396
3291841 58896265
19981142 14407302
24216951 16312576
18086960 16312576
17446621 30104231
3291841 17525171
31943671 17446621
20727819 17093617
20734411 17525171
38701294 14696238
17446621 25553507
15687962 7885972
17525171 14497313
20727819 20734411
84774312 16820575
21232605 61083773
24216951 282679871
21344543 36756075
20727819 16312576
78670429 21904217
16312576 20255162
80102911 61083773
38701294 21904217
17388955 17602896
15687962 15291335
36751886 36753802
58896265 22207520
2367911 24216951
17446621 22207520
17446621 17054396
21904217 15291335
80100872 79532884
389621027 17093617
17446621 8262112
16820575 27308964
24216951 17388955
58896265 17525171
8262112 15687962
21344543 43192807
18086960 14996251
61083773 21232605
20255162 20727819
8262112 36947388
23990483 14497313
78670429 17853760
17446621 15687962
38701294 18122488
24216951 17853760
17525171 18122488
14497313 18122488
78670429 22207520
15291335 14407302
3291841 26265033
16312576 22207520
23990483 31943671
17388955 15291335
61083773 80100872
80100872 16827760
17446621 17388955
39378322 17446621
14497313 15033883
31943671 3291841
20727819 17446621
16312576 16827760
17446621 7885972
58896265 21232605
2367911 15291335
15291335 22207520
21344543 14696238
18086960 20727819
3291841 17853760
18372111 21232605
26265033 20727819
228866701 18122488
17054396 17446621
3291841 17446621
17525171 15279429
26585095 7885972
16312576 21904217
16820575 39378322
14696238 17446621
119551241 22207520
31943671 15291335
27308964 79532884
21344543 20727819
24019308 19981142
78670429 2367911
61083773 16820575
228866701 16312576
14996251 17525171
14996251 17093617
61083773 79532884
18122488 26585095
18122488 20255162
16827760 79532884
19981142 17446621
15291335 17388955
17446621 17525171
16312576 243284052
228866701 24216951
61083773 80102911
20734411 15033883
79532884 39378322
58896265 14996251
30104231 17525171
19981142 14497313
16820575 79532884
18086960 15687962
24216951 15279429
24216951 10228272
15033883 26585095
3291841 36756075
78670429 36756075
36751886 36756075
18122488 7885972
26265033 19981142
20255162 23990483
20255162 16312576
21904217 15687962
18122488 282679871
43192807 14497313
79532884 84774312
17950109 22207520
36947388 3291841
228866701 43192807
2367911 24019308
31943671 30104231
7885972 2367911
16312576 20734411
15291335 17525171
228866701 17446621
24216951 19981142
24019308 20255162
36947388 8262112
15291335 18086960
16820575 84774312
24019308 20727819
17388955 19981142
24216951 26265033
31943671 14407302
21904217 2367911
21904217 17525171
17388955 15687962
79532884 80102911
16312576 17525171
16312576 10228272
18122488 17525171
17525171 3291841
18086960 119551241
27308964 34704894
17388955 2367911
15279429 20255162
79532884 27308964
17446621 34676063
14996251 26585095
18086960 58896265
16312576 78670429
17525171 2367911
31943671 17093617
17446621 24019308
14996251 17446621
20734411 38701294
34704894 80100872
36753802 36756075
18086960 15291335
228866701 2367911
16827760 14407302
78670429 16312576
16827760 80100872
43192807 8262112
18086960 17525171
18122488 14497313
78670429 17446621
78670429 20255162
3291841 14407302
17446621 228866701
17388955 14407302
78670429 26265033
18122488 30104231
78670429 243284052
20734411 16312576
19981142 10228272
18122488 43192807
24216951 17525171
31943671 43192807
14996251 19981142
71593084 38701294
15279429 3291841
14996251 252709160
78670429 21344543
7885972 19981142
21232605 38701294
20255162 24019308
228866701 24019308
16827760 61083773
17446621 17093617
228866701 17853760
7885972 21904217
17093617 30104231
31943671 14497313
15033883 22207520
17388955 24019308
18122488 389229444
30104231 16312576
2367911 10228272
31943671 23990483
58896265 14407302
30104231 17446621
17446621 78670429
14497313 3291841
14497313 282679871
79532884 16820575
80102911 79532884
19981142 15279429
31943671 26585095
58896265 14497313
20255162 36947388
36947388 19981142
20255162 17602896
16312576 17853760
20255162 21904217
19981142 20727819
10228272 2367911
2367911 16312576
17525171 20727819
16820575 243284052
16312576 30104231
18122488 17446621
15291335 36756075
19981142 17388955
26265033 15291335
21344543 7885972
34676063 17525171
16312576 15279429
24216951 17446621
22207520 119551241
18086960 15279429
30104231 15033883
14996251 14497313
15033883 21232605
14497313 20255162
14497313 17446621
17446621 18122488
31943671 20727819
79532884 14696238
254280897 15291335
14996251 30104231
78670429 31943671
14996251 43192807
84774312 79532884
43192807 24019308
19981142 21904217
15291335 17602896
80100872 16820575
18122488 19981142
16820575 17602896
58896265 17093617
21904217 10228272
21344543 16312576
17525171 20255162
14497313 17054396
14696238 21344543
16820575 16827760
24216951 21904217
16312576 34704894
20734411 14407302
79532884 16827760
17525171 36753802
14497313 20727819
20727819 22207520
21904217 20255162
14497313 21904217
228866701 58896265
16827760 84774312
254280897 17602896
7885972 30104231
36947388 24216951
17446621 26265033
24216951 36947388
26265033 22207520
39378322 61083773
34704894 84774312
61083773 17446621
30104231 36751886
21232605 79532884
36947388 21904217
15033883 30104231
18086960 14497313
14497313 15279429
61133 20
15414807 2384071
13473852 20536157
28177543 15386988
858051 93957809
949521 14763
657863 12
33423 20536157
28177543 657863
6385432 1422311
28177543 258814154
61133 15414807
13460312 16648488
14763 17576659
858051 13
10350 2384071
1504011 78453
3829151 20
20 869201
28177543 80082990
1504011 15414807
20 14761795
10350 20
78453 1344951
657863 14761795
15736190 2384071
20442312 2703041
858051 930061
20 13
12533132 14763
17576659 20893002
5520332 2384071
15414807 93957809
14761795 12
6385432 13
869201 60273
774280 78453
1504011 930061
60273 78453
13 20536157
2703041 258814154
10350 3829151
80082990 258814154
13 6385432
388330545 17576659
783214 13
14763 33423
13 657863
949521 20536157
657863 50393960
7772042 774280
15567042 60273
5746452 6385432
783214 949521
20536157 858051
20 858051
13473852 15567042
949521 6385432
16648488 15349708
17576659 15349708
858051 14761795
869201 61133
15414807 5746452
15414807 3475
14763 793830
17576659 388330545
15349708 14763
33423 20
33423 60273
930061 949521
14761795 783214
858051 20536157
93957809 12
13473852 15414807
793830 78453
15567042 793830
3829151 50393960
15567042 949521
14761795 20536157
12533132 816653
14763 3475
12 3475
3829151 816653
15386988 15349708
14763 20442312
2384071 15414807
2384071 12
15386988 13460312
7772042 60273
13 949521
858051 949521
930061 20536157
793830 774280
657863 10350
78453 19045458
15414807 14761795
258814154 388330545
7772042 11250
28177543 18022068
388330545 15567042
5520332 5746452
11250 78453
13 783214
13473852 24773
16648488 13460312
793830 60273
15567042 20
20 93957809
1504011 774280
15349708 18022068
13460312 793830
15567042 2703041
20536157 93957809
2703041 17576659
28177543 16648488
793830 61133
121142586 16648488
14763 5520332
78453 20
14761795 816653
13473852 12
388330545 18022068
78453 949521
15349708 2703041
28177543 816653
793830 15736190
15567042 15349708
61133 12
93957809 50393960
2384071 3829151
3829151 783214
657863 1422311
12 2384071
793830 15567042
15349708 28177543
28177543 388330545
2703041 15386988
15414807 858051
14763 2703041
657863 78453
15349708 24773
61133 1504011
78453 1504011
13473852 15349708
13473852 15386988
5746452 14761795
20 5746452
3475 14763
13 2384071
388330545 949521
14763 949521
14763 858051
24773 14763
13473852 816653
388330545 5520332
1422311 657863
5746452 13
949521 20
15567042 14763
15567042 783214
13473852 657863
17576659 80082990
13473852 3475
15349708 15736190
93957809 657863
15736190 949521
3475 33423
2703041 33423
5746452 20
13460312 14763
20 33423
80082990 20
13473852 61133
14761795 657863
2384071 5746452
2703041 657863
15736190 7772042
2703041 20893002
15567042 28177543
61133 13473852
3829151 3475
20442312 14763
2703041 18022068
16648488 2703041
5520332 14763
5746452 858051
816653 3475
388330545 15386988
13460312 15349708
15349708 16648488
61133 3829151
2703041 80082990
19045458 60273
930061 2384071
13473852 60273
60273 20
18022068 949521
3475 12
949521 774280
15349708 388330545
388330545 258814154
869201 20
17576659 13473852
3475 14761795
14763 101738341
1995371 3829151
28177543 15349708
15386988 28177543
17576659 15567042
2703041 949521
1504011 657863
19045458 1504011
17576659 2703041
1504011 60273
2703041 24773
949521 61133
3829151 13
858051 3829151
13473852 17576659
20 2384071
15349708 15567042
13 50393960
258814154 17576659
14763 2384071
10350 1422311
20442312 258814154
15736190 15414807
20 14763
12533132 3475
50393960 816653
388330545 657863
20536157 783214
858051 657863
7772042 793830
12 14761795
949521 783214
1995371 12533132
6385432 20
15414807 11250
12 13
13460312 2703041
15386988 388330545
5520332 6385432
17576659 7772042
258814154 2703041
15567042 11250
858051 6385432
17576659 16648488
13473852 20
6385432 783214
3829151 10350
13 10350
13473852 78453
33423 930061
774280 11250
15349708 13460312
15414807 13
2703041 15349708
80082990 20893002
61133 78453
61133 869201
11250 774280
13473852 1422311
1995371 24773
15386988 16648488
14763 13473852
2703041 121142586
2703041 16648488
14761795 93957809
3829151 61133
18022068 15349708
13460312 13473852
14763 20893002
10350 12
2703041 61133
10350 3475
2384071 93957809
3829151 5746452
2384071 6385432
78453 783214
16648488 17576659
388330545 2703041
930061 20
6385432 93957809
61133 14763
20 50393960
16648488 14763
388330545 12
18022068 61133
858051 13473852
14763 16648488
858051 1344951
949521 13
7772042 18022068
793830 11250
3475 949521
14763 5746452
15567042 657863
1995371 14763
15567042 16648488
858051 14763
14761795 15736190
15414807 61133
13 33423
33423 774280
1504011 15736190
78453 5520332
1995371 13473852
774280 33423
2703041 7772042
816653 858051
61133 949521
12 61133
15736190 13473852
16648488 28177543
78453 12
258814154 16648488
3475 60273
13473852 949521
13473852 16648488
14763 783214
18022068 2703041
1504011 33423
78453 1422311
20442312 28177543
17576659 20442312
15349708 15386988
1344951 13
14761795 1504011
15386988 657863
13 20
61133 33423
657863 5746452
1504011 20
93957809 20536157
3475 93957809
2384071 14763
13473852 10350
858051 12
60273 33423
1504011 19045458
13473852 13460312
258814154 816653
60273 11250
258814154 13460312
13473852 12533132
15567042 388330545
3829151 93957809
20442312 80082990
80082990 16648488
10350 930061
18022068 11250
15386988 15736190
657863 14763
14763 774280
61133 20536157
17576659 258814154
388330545 20893002
14761795 13
15414807 50393960
20442312 388330545
80082990 17576659
28177543 17576659
10350 50393960
793830 949521
5746452 15414807
2703041 20442312
1344951 2384071
18022068 78453
388330545 7772042
2384071 14761795
12 50393960
15349708 793830
15386988 258814154
12533132 13473852
783214 12
61133 657863
28177543 14763
1344951 20
61133 60273
1422311 50393960
80082990 2703041
7772042 33423
388330545 50393960
20893002 14763
80082990 13460312
28177543 20442312
858051 50393960
20536157 5746452
869201 2384071
15736190 783214
1344951 783214
2703041 101738341
858051 33423
15349708 657863
14763 1995371
657863 20
15567042 61133
7772042 2703041
78453 20536157
16648488 80082990
20442312 15386988
14763 93957809
121142586 7772042
1344951 930061
15386988 15567042
5746452 50393960
15736190 11250
657863 2384071
15414807 15736190
15349708 20893002
774280 949521
15567042 258814154
869201 793830
14763 13
930061 33423
793830 13460312
60273 19045458
388330545 14763
14763 24773
15567042 17576659
949521 1504011
3829151 14761795
1504011 14761795
774280 61133
949521 816653
61133 11250
13 5746452
388330545 121142586
793830 869201
657863 949521
3829151 20536157
15736190 60273
14763 61133
388330545 5746452
2384071 930061
16648488 793830
816653 13
15414807 60273
15567042 1504011
3475 6385432
816653 20
14763 12533132
18022068 7772042
388330545 793830
3475 10350
258814154 13473852
121142586 388330545
121142586 14763
61133 774280
816653 2384071
3829151 33423
15386988 17576659
657863 13
3829151 2384071
793830 930061
388330545 28177543
5520332 3475
93957809 5746452
793830 15349708
20536157 2384071
858051 816653
13473852 5520332
13473852 6385432
15736190 78453
949521 657863
14761795 2384071
20 783214
2703041 13473852
33423 11250
15414807 657863
61133 14761795
13473852 858051
15386988 78453
3475 50393960
2703041 388330545
1995371 10350
2384071 50393960
657863 20536157
6385432 12
1422311 10350
6385432 3475
14761795 858051
15567042 816653
3475 783214
13 12
388330545 15349708
18022068 1504011
12 10350
20442312 15567042
949521 33423
258814154 15349708
60273 774280
20 15414807
17576659 13460312
15736190 14763
78453 657863
16648488 388330545
15567042 12
15736190 61133
14761795 6385432
15414807 10350
930061 12
80082990 28177543
121142586 18022068
1422311 5746452
20 816653
15349708 17576659
2703041 793830
61133 5746452
16648488 15386988
15567042 80082990
20 657863
18022068 121142586
20 60273
15349708 258814154
3475 816653
20893002 15349708
3829151 858051
20 61133
17576659 793830
20536157 6385432
10350 657863
80082990 15349708
7772042 949521
24773 657863
14763 20
11250 60273
3475 20
78453 930061
16648488 657863
20 20536157
7772042 121142586
5520332 10350
14763 60273
816653 14763
657863 3475
930061 657863
14761795 5746452
3475 2384071
20442312 17576659
15349708 13473852
33423 949521
657863 3829151
858051 858051
1504011 949521
28177543 13460312
15567042 15386988
5520332 816653
12533132 657863
2703041 60273
258814154 14763
2384071 10350
12 783214
61133 15736190
60273 61133
28177543 20893002
11250 949521
15414807 78453
16648488 258814154
14761795 10350
61133 13
7772042 14763
930061 858051
18022068 60273
20536157 1344951
869201 11250
19045458 78453
14763 78453
14763 13460312
14763 388330545
13473852 2384071
930061 10350
20 10350
13473852 1995371
61133 2384071
15567042 7772042
80082990 15386988
949521 60273
15414807 20
15349708 80082990
15736190 15349708
121142586 2703041
657863 12533132
793830 2703041
80082990 14763
14763 258814154
10350 13
5746452 12
78453 774280
816653 10350
2703041 14763
13473852 930061
17576659 5520332
61133 19045458
78453 33423
14763 657863
12 657863
15414807 19045458
2703041 783214
78453 816653
949521 78453
14763 18022068
19045458 61133
930061 1504011
2703041 15567042
3475 20536157
3475 5746452
17576659 28177543
12 6385432
14763 3829151
14763 80082990
11250 24773
258814154 15386988
11250 869201
258814154 20442312
15386988 80082990
13 14761795
3475 1422311
2703041 28177543
14763 15567042
3829151 657863
2703041 13460312
15386988 793830
657863 930061
1344951 816653
15414807 6385432
16648488 20893002
16648488 121142586
258814154 15567042
121142586 13473852
2384071 816653
17576659 18022068
793830 7772042
1344951 1422311
793830 783214
1504011 1422311
50393960 14761795
14763 6385432
12 949521
13473852 15736190
657863 6385432
78453 60273
17576659 657863
14763 14761795
13473852 774280
14761795 20
78453 50393960
14763 7772042
15414807 949521
78453 11250
61133 783214
3829151 12
388330545 16648488
5746452 1422311
858051 5746452
3829151 1344951
80082990 15567042
93957809 816653
11250 33423
13460312 258814154
17576659 14763
20536157 3829151
33423 78453
20536157 33423
15414807 1504011
15414807 1344951
15567042 18022068
13473852 3829151
15386988 2703041
15736190 793830
930061 3829151
783214 6385432
3829151 930061
793830 1504011
15567042 13460312
1422311 60273
20893002 13473852
13473852 783214
14763 1344951
28177543 15567042
949521 11250
13473852 258814154
60273 949521
15567042 20442312
12533132 33423
930061 50393960
15414807 12
793830 19045458
7772042 1504011
13460312 17576659
12 15414807
2384071 33423
15736190 1504011
1504011 61133
1422311 78453
816653 657863
15736190 816653
20 6385432
20442312 15349708
3475 657863
14761795 50393960
33423 61133
14763 15386988
12533132 50393960
18022068 15567042
15386988 18022068
10350 816653
2384071 20
1504011 20536157
121142586 793830
1344951 14761795
15349708 20442312
13 93957809
816653 783214
15386988 60273
858051 783214
793830 121142586
78453 3829151
783214 20
816653 93957809
6385432 949521
793830 657863
14763 15736190
18022068 793830
793830 14763
858051 20
15386988 14763
3475 13
80082990 24773
20 949521
61133 793830
816653 12
13473852 2703041
3829151 6385432
20 5520332
949521 12
13473852 5746452
2384071 858051
858051 2384071
24773 13473852
14761795 15414807
11250 61133
14761795 1344951
20536157 816653
19045458 15414807
78453 14763
16648488 15567042
12533132 1422311
20536157 930061
3829151 1422311
13473852 14761795
14763 15349708
20 1344951
15349708 949521
16648488 13473852
5746452 93957809
949521 19045458
13473852 14763
657863 93957809
14763 28177543
17576659 949521
869201 949521
60273 1504011
774280 60273
28177543 2703041
13473852 101738341
20 3475
78453 2384071
30293070 153784150
14944532 15102849
171112947 28184452
12611642 52758395
124300188 45869233
46167548 17045060
43338999 16536215
19802879 30258963
16536215 17366486
22156926 54307815
53184098 17471979
87509328 88957553
14207863 17518626
87509328 30293070
15102849 15117459
14199378 17366486
14207863 16454701
93714983 14207863
45869233 15057943
14207863 21425125
21224647 16536215
16536215 15092914
276197520 19974666
40074644 16650023
88957553 18141016
17366486 14759057
15092914 16650023
8487622 17998609
21769593 28184452
375971107 18168629
21224647 46167548
18804081 43338999
153784150 15117459
88957553 171112947
14199378 88957553
54307815 18804081
29472803 30258963
36972997 46473066
283196244 16029857
171112947 17998609
10716292 15092914
17600223 15092914
16630098 15057943
34970516 11348282
13176312 8295072
15280603 8487622
15092914 36972997
36972997 21364753
88957553 17600223
14199378 40074644
53518563 326175038
14982575 15165502
21769593 10716292
28379556 46167548
29472803 13176312
17877850 25565646
29472803 25565646
21224647 29472803
52758395 29472803
15102849 29472803
77998729 17366486
12415722 14207863
15057943 18141016
20457080 17600223
11348282 52758395
93714983 15519544
22156926 17471979
14803372 53184098
14199378 16650023
43338999 15092914
16580226 15519544
12415722 16029857
20457080 88957553
15102849 52758395
15165502 10716292
13176312 28184452
15165493 12611642
263440459 484991854
20457080 16650023
15473958 15032736
13176312 93714983
14207863 46388633
20060293 43166813
375971107 93714983
77998729 17998609
18194898 50115087
93714983 48844884
28379556 18804081
18169053 87509328
82412928 343440441
18804081 16650023
20060293 16580226
18804081 17998609
16454701 53518563
40074644 14527193
15473958 14199378
18194898 15117459
103944661 10126672
54307815 17366486
53518563 22156926
88957553 15057943
21224647 18169053
23833837 15102849
28184452 93714983
18169053 21224647
40074644 14759057
21769593 14199378
10716292 53518563
171112947 29860419
11348282 15102849
30293070 18804081
10716292 46167548
17998609 16630098
15102849 18168629
30258963 52758395
153784150 14982575
88957553 87509328
36972997 15280603
171112947 18194898
87509328 43338999
21224647 16630098
53184098 88957553
18194898 30258963
16630098 17366486
14527193 18169053
18804081 23799441
18169053 14199378
53518563 21364753
23117133 13176312
17998609 23799441
52758395 19802879
20060293 25843787
21224647 28379556
153784150 15165502
15473958 50115087
17045060 40074644
22156926 28379556
16029857 78133467
15738990 18804081
21769593 17045060
17366486 18169053
53518563 20060293
16580226 46220856
37940492 54885400
20060293 219070649
12611642 15102849
87509328 21224647
14199378 12415722
171112947 25565646
16029857 15165493
17518626 14803372
14207863 46473066
16536215 14199378
15519544 30258963
16630098 15473958
283196244 18168629
13176312 15473958
15181199 46220856
26785608 15181199
14627429 18169053
21224647 17877850
17045060 15057943
18774477 15165493
86977818 18774477
16650023 20457080
17045060 17366486
17366486 153784150
16650023 54307815
17998609 186201749
17045060 36972997
15165502 8295072
171112947 20060293
15102849 93714983
17045060 43338999
15102849 15473958
171112947 23799441
20060293 484991854
14199378 7152572
15738990 14199378
283196244 14944532
17600223 18141016
26785608 46220856
23799441 54307815
25565646 15519544
15738990 16650023
14759057 16650023
28379556 77998729
36972997 14759057
11348282 15519544
171112947 219070649
14207863 18804081
171112947 17877850
87509328 40074644
53184098 20457080
14627429 14803372
23833837 29472803
46473066 46167548
21769593 7152572
45869233 14207863
343440441 171112947
10716292 20060293
14627429 46167548
18774477 15117459
14803372 17471979
13176312 25565646
14803372 15280603
25843787 13176312
17366486 17600223
45869233 17045060
153784150 25843787
19974666 14199378
16650023 36972997
21224647 15092914
17600223 14627429
52758395 15519544
17877850 15102849
88957553 43338999
304460084 12415722
30293070 8487622
30258963 43166813
29860419 17998609
14199378 87509328
15102849 304460084
29472803 18194898
14944532 20060293
28184452 25565646
43338999 40074644
28379556 17518626
171112947 87509328
52758395 50115087
82412928 19974666
15092914 23799441
18804081 18169053
23117133 29472803
186201749 7152572
86977818 16580226
12415722 43338999
15102849 20060293
15057943 15738990
36972997 87509328
17366486 18141016
23833837 20060293
18169053 21364753
23117133 378058308
40074644 15092914
46167548 14207863
12611642 29472803
15102849 25843787
20457080 14759057
17045060 21224647
14759057 17518626
17045060 14199378
13176312 16580226
161760542 43166813
21224647 171112947
93714983 52758395
70454762 20457080
21769593 17518626
15473958 46220856
88957553 14199378
15092914 17366486
28379556 18141016
23117133 17998609
22522824 15738990
18169053 54307815
53184098 17366486
30293070 40074644
21224647 13176312
10716292 28184452
53518563 14759057
14627429 15092914
15092914 87509328
19974666 54885400
16650023 14759057
17366486 15280603
53518563 46167548
25565646 13176312
16454701 14527193
171112947 15165502
28379556 54307815
17366486 45869233
16029857 14982575
17366486 19974666
19974666 16454701
14759057 17998609
28184452 10716292
16580226 168537920
14207863 14803372
46473066 16454701
16454701 40074644
375971107 19802879
16029857 13176312
10716292 19802879
20060293 11348282
19802879 25565646
22522824 21224647
29472803 16029857
15092914 43338999
14199378 17045060
375971107 12611642
12415722 18169053
13176312 10716292
28184452 19802879
10716292 8295072
14803372 20457080
18169053 7152572
23117133 14199378
20457080 17998609
17045060 21769593
12611642 144003355
16650023 16630098
29860419 16454701
87509328 15057943
15092914 7152572
10716292 15738990
15057943 14759057
168537920 219070649
14207863 20060293
52758395 26785608
14527193 16650023
17998609 15165493
17600223 20457080
52758395 15102849
43338999 23117133
14803372 7152572
17366486 37940492
15057943 14527193
14199378 14527193
14207863 40074644
48844884 375971107
16454701 36972997
25565646 29472803
23799441 14803372
21769593 101802390
15092914 16630098
43338999 17045060
28379556 21224647
11348282 19802879
15092914 14199378
28184452 14944532
17998609 53518563
15092914 21224647
16580226 12415722
18804081 21769593
10716292 15165502
31458706 43338999
53518563 14527193
17600223 18804081
45869233 88957553
153784150 12415722
70454762 43338999
18169053 16536215
18804081 30293070
21224647 16580226
16650023 21769593
14199378 16454701
14207863 17366486
77998729 30293070
16536215 15057943
171112947 16029857
70454762 14759057
171112947 263440459
28379556 22156926
16630098 43166813
36972997 40074644
11348282 219070649
17366486 126689571
21224647 20060293
53518563 10716292
14199378 53184098
17518626 22156926
304460084 20060293
161760542 11348282
21224647 21829208
283196244 13176312
45869233 16580226
14803372 21769593
11348282 15473958
93714983 14944532
14207863 52758395
77998729 16650023
28379556 14759057
18804081 77998729
13176312 15165493
30293070 15280603
88957553 53518563
77998729 21769593
16650023 14803372
77998729 14527193
21224647 93714983
15165493 15102849
15102849 25565646
18169053 14627429
14207863 11348282
14207863 21250550
48844884 12611642
14207863 14944532
8487622 31458706
21769593 16650023
32676602 14199378
25843787 11348282
22156926 36972997
22156926 12415722
11348282 13176312
21769593 22522824
52758395 153784150
263440459 15473958
18169053 12415722
29860419 11348282
18141016 17998609
16029857 153784150
14803372 18804081
16630098 17518626
14199378 46167548
14627429 20457080
21224647 15181199
88957553 46167548
23799441 18804081
15165502 15165493
171112947 186201749
11348282 15165493
15181199 88957553
12611642 14207863
21224647 18194898
25565646 153784150
30293070 46167548
87509328 17998609
21224647 17366486
283196244 50115087
15092914 15181199
50115087 15519544
43338999 87509328
30293070 17366486
186201749 40074644
18169053 17518626
30293070 16536215
18804081 14199378
15473958 25565646
19802879 78133467
153784150 93714983
17045060 22156926
34970516 16580226
18169053 28379556
23833837 50115087
53518563 17045060
12415722 40074644
21224647 17045060
21769593 70454762
16454701 14627429
14627429 17366486
23117133 43166813
15092914 88957553
20060293 28184452
21224647 88957553
46473066 18804081
18804081 17518626
48844884 17471979
17998609 11348282
13176312 16029857
82412928 17366486
16650023 186201749
77998729 54307815
130933196 11348282
15519544 18194898
15280603 15057943
53518563 11348282
21224647 11348282
11348282 86977818
28379556 14207863
17877850 29472803
14199378 70454762
52758395 14207863
16536215 20457080
18804081 186201749
18141016 14803372
21769593 17600223
15181199 17471979
17045060 14803372
21224647 30293070
18194898 52758395
17366486 16454701
15092914 17998609
46473066 40074644
186201749 17998609
53518563 88957553
171112947 25843787
17998609 30293070
8487622 18169053
14207863 14759057
124300188 14199378
23833837 14944532
12415722 18804081
19802879 484991854
52758395 168537920
16029857 15165502
14982575 15032736
28184452 43166813
40074644 17045060
21769593 17366486
18774477 11348282
10716292 12415722
11348282 14944532
16650023 18169053
88957553 21364753
10716292 46473066
16454701 30293070
11348282 18194898
46473066 21769593
18804081 171112947
53184098 7152572
21224647 14527193
53184098 16536215
17998609 70454762
25565646 52758395
21769593 16580226
14759057 14627429
23799441 16536215
15738990 18141016
21224647 15032736
16454701 8487622
88957553 36972997
21224647 40074644
16536215 21224647
88957553 12415722
14199378 30293070
36972997 15092914
93714983 11348282
17998609 17518626
28379556 16630098
14527193 15092914
15165493 52758395
13176312 15165502
16630098 15165502
17998609 16454701
10716292 8487622
21224647 15117459
14803372 46473066
16454701 46473066
15473958 144003355
20457080 8487622
16580226 153784150
22156926 14803372
21769593 15181199
15057943 17600223
15165493 25565646
45869233 18804081
14527193 17600223
25843787 161760542
17600223 14803372
22156926 23799441
14207863 15102849
21769593 28379556
70454762 54307815
23799441 20457080
45869233 20457080
15473958 30258963
15092914 17045060
46473066 16630098
43338999 53518563
17877850 15165502
13176312 14944532
88957553 304460084
16454701 17600223
18168629 52758395
14527193 21769593
23833837 15519544
21224647 53518563
16650023 16454701
375971107 28184452
10716292 88957553
37940492 61811986
21364753 18804081
20457080 14527193
17366486 14199378
23799441 15057943
18169053 15092914
16454701 21224647
77998729 14803372
43338999 14527193
103944661 82412928
14803372 16454701
15519544 15473958
14199378 101802390
171112947 18528834
8487622 21250550
17518626 17366486
14207863 17998609
12415722 53518563
23799441 16454701
28419211 14944532
21364753 14759057
28184452 219070649
21769593 53184098
13176312 153784150
53518563 21224647
54307815 28379556
53184098 16454701
23833837 11348282
87509328 14207863
53518563 14199378
186201749 14199378
16536215 43338999
50115087 161760542
16454701 53184098
171112947 17471979
17877850 14944532
88957553 77998729
14199378 11348282
21224647 10716292
12611642 15473958
28184452 15165493
53518563 46473066
14207863 18141016
21364753 23799441
16454701 15738990
20060293 12611642
82412928 16536215
153784150 20060293
14803372 16536215
171112947 43166813
23799441 12415722
16650023 15280603
14207863 8295072
53518563 28379556
88957553 16650023
16580226 34970516
18141016 18804081
30293070 87509328
171112947 16650023
18168629 15165502
17600223 14199378
17366486 77998729
37940492 89539134
15519544 50115087
11348282 34279124
17045060 15092914
22156926 43338999
15165493 50115087
28184452 14199378
14803372 8487622
23799441 14627429
12611642 15519544
45869233 14199378
46473066 10716292
13176312 11348282
17518626 18804081
16650023 53184098
23833837 15032736
93714983 8295072
17366486 18804081
16630098 17998609
30293070 46473066
263440459 16029857
17045060 17600223
82412928 378058308
15092914 17600223
36972997 30293070
13176312 14199378
23117133 15473958
15092914 46167548
45869233 14759057
14803372 23799441
18169053 22156926
20060293 19802879
171112947 18168629
219070649 20060293
17045060 88957553
36972997 7152572
25843787 34970516
77998729 23799441
18169053 17045060
15092914 14627429
18141016 17045060
16425459 17045060
16394162 17045060
13655472 17045060
13655472 17045060
1972761 243456568
214328887 243456568