3954801 45862504
14456734 7194892
7565302 5162861
182884883 23843220
5442012 14944855
23128967 5162861
114910205 97027664
7194892 3096071
19672395 3462421
18823915 6455622
3442781 64488804
5452672 47667972
18826638 14471778
2589521 3954801
15234679 131926467
23045297 5452672
23045297 44086682
41413470 14038862
20273398 14038862
45862504 16567106
1072591 20273398
3462421 82525569
82525569 131926467
14750463 87764480
186470824 14750463
15677204 45862504
3954801 263907004
52832085 57903424
48370736 14471778
92126580 24004172
41172837 186470824
23045297 135689156
332883829 43920492
78190623 235092080
15101693 5162861
15712979 1072591
3954801 14667274
15101693 113576014
82525569 14207199
29243781 87764480
143928271 160839015
29243781 23843220
19087813 16350365
21901003 214928563
63320588 213457239
38514229 31296704
136367101 41172837
52832085 16350365
186470824 19087813
16350365 45862504
41413470 33529138
5452672 20273398
114910205 5162861
113724588 7565302
267595992 15447248
43920492 5442012
78190623 33529138
17922109 33529138
19672395 36803580
15234679 15112961
18826638 48370736
15234679 82525569
263907004 47667972
15181527 47667972
20489104 5452672
14589257 5162861
23040113 14589257
43920492 17922109
136367101 3954801
19673424 15712979
14300025 3096071
33529138 41695284
23843220 57903424
136367101 31296704
48370736 131926467
78190623 29243781
64488804 24004172
14471778 71606873
43920492 117652722
49629418 19673424
3462421 7194892
318005036 8732992
23045297 52832085
41172837 16567106
186470824 47667972
41413470 160839015
18666844 21901003
17027960 18666844
15677204 59872379
143928271 41172837
15677204 113724588
15112961 52832085
19673424 131926467
41413470 328788722
14038862 87764480
19087813 20489104
18823915 114910205
3096071 17602261
15112961 14589257
115216851 16744475
14471778 14498387
213457239 4291741
33529138 69724763
44086682 64488804
92126580 15101693
14471778 15712979
328788722 19673424
14300025 63320588
97027664 87764480
267595992 31296704
237488083 89690502
328788722 16567106
9779372 14847279
136367101 20273398
14038862 15447248
14058831 1922861
213457239 16567106
20273398 14589257
78190623 4291741
147646942 64488804
183375604 8369072
113576014 1922861
5974992 18826638
3442781 46553113
38514229 46553113
5442012 20273398
24004172 15112961
45862504 131926467
5442012 5452672
328788722 19087813
57903424 63485337
82525569 16567106
130202887 182884883
64488804 131926467
41413470 113576014
147646942 31296704
15112961 3462421
23128967 87764480
66561957 53297035
2589521 4291741
19673424 7565302
16134428 14471778
186470824 143928271
235092080 47667972
59872379 29243781
48370736 14038862
115216851 47667972
3096071 5452672
45862504 18826638
9779372 213457239
186470824 3442781
19087813 17922109
82525569 235092080
15171447 52832085
114910205 7194892
5442012 143928271
41172837 160839015
186470824 82525569
135689156 8732992
82525569 3096071
87764480 14667274
5452672 3096071
107178219 15447248
15234679 15447248
14300025 131926467
41172837 19631395
14300025 7565302
15171447 14471778
41172837 5974992
3442781 52832085
107178219 131926467
235092080 87764480
31296704 143928271
52934175 14471778
14498387 14300025
45862504 16744475
15181527 24595743
135689156 52832085
15110125 16033621
3954801 15040299
20273398 18648265
43920492 20273398
19087813 15447248
14038862 64488804
147646942 195934431
64488804 115216851
14498387 20397258
49629418 14471778
235092080 33529138
94414805 14038862
135689156 46553113
18826638 19087813
214928563 47667972
15171447 41172837
182884883 7565302
18666844 15040299
5442012 63485337
43920492 16567106
18666844 115216851
5650332 5442012
20273398 213457239
14750463 24595743
15234679 18666844
20273398 117652722
15171447 23843220
21901003 15677204
147646942 14589257
17922109 19673424
150484436 186470824
24004172 8369072
46553113 44086682
5442012 16567106
82525569 42260068
41413470 52832085
46553113 8732992
15677204 42260068
7194892 16285517
182884883 130202887
15447248 41172837
219076100 8732992
4291741 44086682
182884883 45862504
3954801 19631395
48370736 42260068
3954801 130202887
214928563 24595743
267595992 14589257
19087813 15112961
19087813 17602261
5650332 97027664
92126580 47667972
38514229 40813518
4291741 2589521
113576014 53297035
44086682 117652722
7565302 16744475
1072591 94414805
14471778 14847279
9779372 1972761
20397258 5650332
15110125 82525569
19673424 213457239
548679814 115216851
41172837 97027664
14300025 19672395
82525569 41172837
143928271 22993951
14471778 5452672
5445442 19631395
48370736 87764480
18666844 97027664
7194892 19087813
5974992 5442012
195934431 14471778
33269643 20273398
16869298 47667972
49629418 82525569
23045297 31296704
17922109 213457239
14847279 17602261
23128967 15112961
7194892 3442781
14300025 3954801
18666844 15447248
43920492 87764480
15101693 45862504
130202887 131926467
63320588 38514229
57903424 18648265
114910205 14589257
14750463 41172837
82525569 2589521
183375604 5442012
82525569 31296704
64488804 20273398
14498387 131926467
92126580 3462421
38514229 19672395
14471778 2589521
18823915 17027960
14750463 143928271
5442012 97027664
82525569 15234679
15171447 14847279
114910205 15234679
130202887 113724588
52832085 260137838
21901003 7565302
2589521 15447248
14471778 4291741
3096071 14471778
41413470 18666844
23559552 17922109
143928271 5162861
5452672 52832085
182884883 63485337
15447248 117652722
14471778 21901003
213457239 219076100
23843220 14589257
41172837 29243781
21093865 5445442
14300025 42260068
82525569 16033621
147646942 5162861
41413470 57903424
122491899 66561957
318005036 47667972
31296704 186470824
186470824 41619873
7194892 14300025
52832085 267595992
20273398 1972761
219076100 21901003
19673424 38514229
78190623 82525569
186470824 18823915
43920492 14471778
41413470 78190623
114910205 16285517
235092080 38514229
59872379 3096071
19672395 4291741
21901003 117652722
31296704 4291741
219076100 14300025
20273398 182884883
14471778 3462421
16285517 7194892
21901003 6455622
195934431 40813518
63485337 18648265
94414805 20273398
15171447 36803580
3442781 9779372
15712979 94414805
7194892 31296704
14471778 87764480
15101693 64488804
14944855 5442012
14300025 7194892
87764480 45862504
40813518 46553113
43920492 23843220
114910205 131926467
18195319 14456734
15677204 20273398
3442781 3462421
15677204 19087813
41413470 20273398
19673424 1922861
9779372 14750463
5442012 20397258
14471778 1972761
260137838 195934431
59872379 64488804
23045297 8732992
6455622 7194892
18666844 7194892
41413470 52934175
15447248 7565302
107178219 47667972
94414805 15712979
19087813 47667972
38514229 235092080
20273398 41172837
153842929 15110125
19087813 16567106
87764480 18826638
135689156 18666844
5650332 24595743
15712979 20273398
136367101 2589521
41619873 19087813
136367101 16744475
23045297 3442781
182884883 131926467
24004172 24595743
97027664 5650332
147646942 48370736
20273398 143928271
5442012 113741392
41413470 18826638
19672395 40813518
17602261 123761040
14471778 19631395
147646942 5442012
69724763 47667972
18826638 5974992
3096071 3462421
78190623 19087813
3442781 14058831
20273398 2589521
43920492 63320588
38514229 14589257
19673424 14471778
15234679 42260068
41413470 31296704
107178219 87620061
18826638 6455622
43920492 17027960
23045297 24004172
14589257 15112961
94414805 19631395
23843220 7565302
4291741 16567106
5452672 15112961
41413470 1922861
14207199 14589257
48370736 8732992
113724588 5162861
15447248 19631395
12324582 6455622
15171447 8732992
19087813 3462421
143928271 63485337
17922109 38514229
15447248 52934175
235092080 318005036
1072591 18826638
5650332 66561957
9779372 115216851
24004172 7194892
23040113 115216851
5442012 18666844
147646942 7194892
48370736 29243781
15677204 47667972
20397258 18666844
19087813 4291741
41413470 36803580
115216851 64488804
3954801 14300025
52832085 6455622
64488804 16567106
14471778 24004172
15101693 87764480
214928563 49629418
92126580 41172837
235092080 17922109
15712979 5650332
19087813 40813518
3096071 20273398
113741392 14589257
14589257 18648265
235092080 31296704
16350365 47667972
94414805 41172837
328788722 3096071
63320588 31296704
147646942 45862504
23045297 14471778
17922109 260137838
41413470 17922109
59872379 52832085
46553113 48370736
107178219 214928563
92126580 16744475
263907004 45862504
3954801 14326533
14750463 15677204
19672395 20273398
3096071 14589257
15234679 52832085
147646942 14207199
213457239 9779372
4291741 19087813
235092080 20273398
18826638 87764480
15171447 9779372
40813518 33529138
17027960 15040299
15171447 107178219
71606873 24004172
16285517 3096071
113741392 130202887
24004172 87764480
41413470 15447248
19087813 115216851
5650332 1072591
33529138 214928563
41172837 14300025
19673424 9779372
29243781 16350365
18648265 63485337
89690502 237488083
49629418 18826638
147646942 14847279
14847279 52832085
130202887 114910205
20273398 41413470
107178219 143928271
113576014 15112961
31296704 20273398
219076100 52934175
29243781 48370736
18195319 97027664
16285517 17027960
33269643 328788722
15234679 3442781
186470824 115216851
5974992 5445442
87764480 130202887
97027664 117652722
31296704 328788722
143928271 20472850
7194892 23128967
87620061 8732992
186470824 5442012
182884883 20273398
19673424 31296704
21901003 16134428
14058831 18823915
41413470 548679814
48370736 16744475
15677204 36803580
21901003 18666844
19673424 23843220
21901003 12324582
48370736 23045297
41172837 94414805
14471778 29243781
18826638 82525569
24004172 23045297
130202887 14589257
64488804 15112961
23040113 31296704
41172837 2589521
267595992 143928271
69724763 15112961
14038862 16567106
19673424 41172837
19673424 24595743
49629418 44086682
45862504 47667972
14471778 44086682
41172837 48370736
114910205 47667972
31296704 97027664
94414805 3096071
41172837 21901003
14471778 49629418
318005036 150611738
46553113 42260068
15171447 64488804
328788722 107178219
4291741 14207199
15677204 26292671
40813518 29243781
52832085 21901003
17602261 82525569
20489104 14750463
41413470 3954801
24004172 14471778
19717234 78190623
23040113 362559400
87764480 114910205
78190623 49629418
48370736 5974992
130202887 2589521
41172837 18826638
49629418 19087813
3954801 26292671
182884883 3096071
41172837 92126580
33529138 15112961
46553113 3462421
41413470 19672395
18823915 186470824
33529138 7565302
20273398 114910205
195934431 14207199
41172837 87764480
52832085 131926467
41413470 3442781
19087813 23559552
7194892 14471778
135689156 16567106
19087813 195934431
21901003 41172837
48370736 23128967
143928271 131926467
182884883 263907004
82525569 14750463
113576014 41172837
115216851 57903424
21901003 16285517
69724763 33529138
41413470 52168389
21901003 143928271
19087813 38514229
130202887 26292671
41695284 14589257
23128967 117652722
5452672 41172837
113724588 15101693
195934431 33529138
29243781 260137838
186470824 3096071
3442781 1922861
4291741 29243781
14038862 14471778
1072591 8369072
219076100 213457239
59872379 8732992
20273398 7194892
14498387 71606873
20273398 64488804
33529138 267595992
7194892 23045297
21901003 38514229
14498387 14471778
267595992 147646942
5442012 3096071
87764480 131926467
15171447 1972761
123761040 17602261
20397258 14498387
14300025 14750463
15171447 52934175
82525569 15447248
14471778 3954801
14847279 7194892
5442012 5650332
14058831 23045297
5650332 16134428
15447248 38514229
48370736 20397258
235092080 5162861
6455622 143928271
14750463 8732992
41172837 235092080
23128967 63485337
19672395 42260068
3096071 46553113
130202887 15234679
14471778 19673424
3096071 5442012
41172837 16350365
15112961 130202887
263907004 41172837
14038862 24595743
6455622 3442781
52832085 8732992
219076100 2589521
31296704 136367101
9779372 24135382
186470824 15112961
3954801 5442012
15447248 3954801
19672395 14471778
186470824 38514229
31296704 19087813
43920492 332883829
114910205 3096071
23559552 19087813
94414805 24004172
130202887 44086682
48370736 64488804
82525569 24135382
219076100 15447248
5650332 20397258
14471778 14456734
6455622 16134428
5442012 114910205
14300025 20273398
14300025 15447248
38514229 43920492
38514229 41172837
83256764 9232292
23828851 17948254
108341871 10441
19468147 15420011
44273770 36933269
36880609 88817279
25276905 15765156
19628775 158415953
21651598 10260682
66510042 10441
104548229 212321528
16580351 29562655
15671529 30973
95941018 183103257
26991886 16299917
94917884 29962952
18803775 89060990
20942815 14346923
15826220 15553270
18174861 19917537
21345893 26991886
180519255 22183923
19503553 17750917
25276905 21345893
16580351 51408213
57517199 16951769
16870682 133093395
19370748 17093617
86734680 18637003
94917884 27119147
15681992 15420011
18803775 5374
135577953 62591681
17093617 18440972
57517199 20942815
19195914 10260682
15681992 17093617
15183751 26991886
49988522 158415953
16364222 33640859
57517199 59330173
18174861 15826220
104548229 16602935
15826220 31475027
15420011 15681992
17093617 23828851
25325913 27119147
18854250 31475027
15826220 16096907
28108411 20221159
35746423 15765156
35746423 16005730
10260682 86734680
19628775 86734680
23497893 23133578
15420011 71245177
97247507 18803775
5374 158415953
10441 89060990
15681992 35746423
10260682 29612613
158848407 71876190
153864211 158221235
18854250 158415953
10441 16364222
16870682 27042513
806283 18637003
57517199 25276905
33640859 15681992
10260682 88817279
23497893 33640859
71245177 128240372
26569855 97247507
35746423 86361766
64503060 1907971
17017636 71876190
27976258 5854772
130155510 29962952
15681992 18174861
16364222 17948254
29962952 20695670
46715620 19621110
15765156 18174861
130155510 18803775
5374 16951769
15183751 14075928
21436558 14075928
33640859 20942815
83926599 263709306
5854772 115485051
179692181 173178313
19628775 15671529
806283 5768872
16941646 41259253
18174861 15681992
20942815 33640859
158415953 29631095
254749514 115485051
21672721 806283
18440972 10441
160986971 17093617
20942815 128528922
26569855 108341871
21672721 3885361
60682317 19621110
158415953 96915603
10441 18440972
14523801 16941646
59836995 22183923
130155510 57517199
15765156 11072822
173282921 25276905
20942815 806283
22183923 23133578
14152810 19370748
91517091 15398191
44273770 20695670
86361766 104548229
89060990 15826220
23828851 59836995
59836995 11072822
10054742 15420011
27119147 5768872
15183751 16793368
806283 31968180
17093617 15681992
19370748 35746423
92539319 17093617
16299917 25276905
16299917 23497893
128528922 19628775
18174861 20695670
19468147 30973
17222954 104548229
11072822 19468147
10441 123592572
29612613 96915603
22946576 124776522
18336459 19621110
16941646 27457788
113239457 17093617
16870573 35746423
45316516 9232292
27976258 173178313
21345893 128240372
36880609 18440972
199389614 37240298
170428974 22183923
16096907 16951769
23828851 15420011
130155510 173282921
31475027 16870573
33640859 92539319
29962952 59836995
16364222 89060990
42438241 23497893
23097743 133093395
16870682 19621110
14832602 9973572
21345893 108341871
37240298 44273770
19468147 128240372
29962952 30973
17200287 36933269
45316516 89060990
16364222 18854250
15398191 45914299
60682317 15398191
225252559 16364222
124776522 216897428
11072822 86734680
19628775 29631095
153864211 104548229
160986971 31968180
27110078 199019831
10260682 21672721
18854250 30728013
17093617 11072822
25084978 48419074
71245177 20942815
21651598 29631095
92539319 16602935
14346923 158221235
16096907 10054742
806283 19917537
45316516 14152810
20942815 23133578
225252559 19917537
15398191 19503553
217096194 16299917
28108411 16793368
83256764 15826220
180519255 16793368
16951769 26569855
130155510 18854250
5374 10260682
170428974 21436558
15420011 19468147
83926599 29612613
28108411 16602935
18854250 104548229
183103257 95941018
44273770 25276905
25276905 17222954
19468147 11072822
124776522 9973572
25276905 21651598
153864211 26569855
11072822 151460592
170428974 25325913
28108411 20695670
173282921 16793368
16870682 16358939
21345893 19628775
27976258 70774439
14890490 47981900
19195914 25428210
15420011 9232292
25325913 42622701
35746423 14075928
41495074 20221159
26991886 49988522
9232292 16793368
18440972 83430403
29631095 29612613
16364222 15420011
1930311 17093617
16419529 22843068
20942815 5768872
94917884 18803775
23828851 89060990
11072822 17093617
31475027 83430403
17093617 42438241
27119147 16096907
183103257 14152810
95941018 273531261
21651598 19917537
16793368 94917884
128528922 30728013
92539319 33640859
25276905 94917884
5768872 5854772
23828851 19370748
124776522 3603511
806283 30973
89060990 18174861
15681992 16580351
9232292 31475027
19370748 806283
11072822 62591681
19621110 19195914
35746423 45316516
16364222 806283
16299917 71245177
31475027 3885361
11072822 57517199
21436558 15765156
23828851 16951769
17222954 15826220
33644416 29562655
16364222 30973
17750917 14147844
17222954 130155510
57517199 273531261
86734680 15826220
14152810 114478604
16793368 25276905
15420011 15826220
45316516 26569855
16299917 18854250
16793368 59836995
59836995 44273770
21345893 25276905
14152810 19295613
41495074 39967462
20942815 16364222
30973 16096907
10441 39967462
17222954 27119147
11072822 15420011
26569855 21672721
66706727 66250890
15826220 29612613
19503553 17093617
16096907 18174861
29612613 5374
94917884 9232292
14152810 10260682
407340870 31353077
183103257 35746423
22946576 3603511
71245177 18440972
14152810 59836995
5768872 25276905
86361766 5374
104548229 66510042
27976258 1647621
16096907 9232292
45316516 19628775
179692181 15398191
18614130 17948254
44273770 16793368
225252559 23828851
71245177 86734680
26991886 115512512
15826220 30728013
16299917 29631095
28108411 18854250
5768872 46715620
225252559 158415953
16299917 21436558
15826220 5374
806283 44273770
16096907 35746423
59836995 16364222
66250890 27976258
20942815 151460592
25325913 29962952
25276905 128528922
15420011 88817279
199019831 16125750
27119147 17093617
18854250 130155510
21436558 130155510
86734680 89060990
19370748 21345893
18637003 21345893
25276905 158221235
86734680 29962952
5374 31475027
10260682 15420011
17093617 35746423
28108411 16951769
158415953 26991886
19621110 5768872
11072822 15183751
16364222 18803775
10054742 16096907
14152810 24019308
18854250 22183923
86734680 115485051
23828851 21436558
18854250 21436558
130155510 18174861
806283 19295613
10441 18854250
14230844 2576581
225252559 29612613
5768872 17093617
86361766 212321528
19468147 25325913
18440972 734493
130155510 158415953
432093 14523801
45316516 96915603
15183751 153864211
104548229 25276905
21436558 16602935
49988522 10260682
16870573 29631095
5374 21651598
18803775 39967462
16602935 21436558
16005730 287316875
16364222 19628775
16096907 33640859
10260682 71245177
18174861 14152810
18803775 15420011
27976258 40294685
16941646 46715620
40294685 173178313
94917884 25276905
35746423 10260682
10441 9232292
19370748 130155510
16419529 19621110
23828851 35746423
23828851 47981900
10441 5768872
19628775 31475027
173178313 22843068
18854250 16602935
11072822 170428974
18166933 16520368
15420011 153864211
25276905 86852711
173282921 22183923
45316516 95941018
1907971 9973572
10260682 19295613
39967462 14643009
130155510 86734680
19628775 25276905
18174861 16096907
23828851 16793368
15826220 114478604
25276905 15826220
10441 108341871
16096907 17948254
21436558 16364222
21651598 158221235
19195914 42622701
21436558 18854250
108341871 18174861
41259253 115485051
33640859 16299917
9232292 16580351
179692181 25428210
16364222 173282921
15681992 29962952
10260682 28108411
16941646 273531261
14230844 216897428
20942815 108341871
104548229 59836995
18803775 22183923
19628775 21672721
158415953 29612613
27976258 22843068
15183751 18803775
106927162 22183923
49988522 20942815
29612613 18803775
40294685 22843068
59836995 21672721
37240298 14832602
108341871 26569855
15765156 25276905
179692181 40294685
57517199 15826220
57517199 3885361
27119147 16951769
2884771 15420011
225252559 49988522
48459300 22183923
104548229 83430403
23497893 25276905
25428210 1647621
35295161 39967462
23828851 3885361
3603511 1907971
29612613 17948254
27119147 20942815
16364222 11072822
130155510 9232292
71245177 28108411
57517199 35746423
62591681 71876190
5374 21345893
16364222 108341871
59836995 71245177
36933269 19503553
95941018 9232292
128240372 14152810
48419074 49092104
158415953 20695670
19370748 10441
19917537 86361766
23828851 86734680
19370748 158221235
31475027 16951769
21436558 15420011
104548229 19628775
16096907 15681992
806283 11072822
150883839 68795677
3603511 180540375
35295161 49988522
300333849 23097743
11072822 20695670
5768872 14346923
25084978 16667262
48419074 16125750
17222954 19295613
18854250 92539319
66250890 25428210
95941018 33640859
42847985 25084978
15826220 39051824
18854250 19370748
15420011 123592572
9232292 18803775
71245177 88817279
16096907 89060990
27119147 14346923
86361766 29612613
15826220 20942815
180519255 92539319
16358939 17093617
10054742 71245177
25276905 97247507
35746423 17222954
133093395 27457788
27976258 66250890
25325913 158221235
11072822 23097743
45316516 63488455
18174861 89060990
60682317 19195914
29962952 33640859
31475027 18174861
25325913 33640859
16096907 217096194
128528922 31475027
83256764 806283
11072822 83430403
44273770 59330173
40294685 108341871
15765156 9232292
28108411 23133578
124776522 254749514
18917716 64503060
21436558 9232292
14152810 89060990
14890490 18803775
36880609 11072822
14523801 27042513
37240298 14230844
35295161 14075928
26569855 45316516
18440972 3885361
180519255 9232292
21651598 17222954
16005730 199389614
33640859 17222954
19370748 45316516
734493 1647621
21651598 59836995
86734680 19628775
17750917 15398191
25084978 14523801
86734680 3885361
18440972 16951769
5374 115485051
18854250 19295613
19468147 115485051
62065567 163297524
16299917 16364222
18174861 3885361
60682317 14075928
36933269 27976258
26569855 170428974
16299917 3885361
128528922 16870573
15765156 19917537
28108411 115485051
35746423 16870573
11072822 31968180
15183751 92539319
95941018 18440972
25276905 263709306
25276905 16870573
19195914 173178313
10260682 49988522
16364222 21436558
29962952 10260682
23133578 22843068
19370748 14643009
18174861 14643009
16096907 10260682
18440972 14643009
15553270 29261021
151460592 29962952
31475027 19628775
23828851 29962952
66510042 806283
21651598 29962952
21436558 29612613
27110078 25084978
16096907 30973
170428974 94917884
16299917 18803775
104548229 20942815
18803775 35746423
14346923 108341871
10441 26569855
18854250 16299917
16364222 14152810
108341871 40294685
29962952 22183923
16793368 49988522
35746423 17093617
27119147 57517199
21345893 39967462
27119147 71245177
14346923 18440972
31968180 806283
94917884 96915603
11072822 42622701
26569855 9232292
31475027 83256764
16364222 36880609
17093617 19370748
806283 19628775
35746423 30973
15826220 19628775
806283 3885361
16299917 35746423
104548229 14643009
95941018 26569855
14346923 86852711
71245177 14346923
83926599 25276905
66250890 19195914
22183923 18854250
170428974 17222954
18440972 23097743
21436558 14643009
95941018 59836995
5374 9232292
16870682 5768872
170428974 23133578
15420011 128240372
128528922 14346923
11072822 26569855
806283 83256764
217096194 21436558
18803775 29612613
15681992 23097743
10441 17093617
1907971 216897428
60682317 27042513
29962952 26569855
15183751 19917537
28108411 3885361
25276905 59836995
16793368 158415953
21436558 15826220
180519255 15398191
26569855 23497893
59836995 57517199
29962952 92539319
45316516 806283
35746423 16602935
25325913 22183923
25276905 151460592
60682317 734493
66706727 173178313
66706727 17093617
183103257 39967462
19468147 21672721
286871259 71876190
10054742 130155510
29962952 173282921
41495074 212321528
83926599 16793368
37240298 199389614
11072822 108341871
16951769 23133578
36880609 16793368
158415953 18854250
19628775 83430403
18917716 14832602
19195914 17093617
15826220 128240372
806283 29612613
806283 19370748
14346923 21651598
19370748 22843068
23133578 21436558
27110078 49092104
68795677 158848407
16951769 29612613
130155510 26569855
86361766 3885361
180519255 19195914
26569855 19370748
158415953 16096907
31475027 806283
9232292 35746423
153864211 59836995
26569855 16602935
108341871 66510042
26569855 36880609
35746423 18854250
21345893 23433022
35746423 16951769
23133578 57517199
26569855 15420011
104548229 18174861
19195914 108341871
27119147 29612613
15826220 21345893
60682317 41259253
44273770 31968180
170428974 21651598
35746423 16793368
45914299 15398191
806283 23828851
36933269 17750917
25325913 18440972
173282921 170428974
27119147 15826220
10260682 18174861
23828851 17222954
18637003 18614130
15826220 806283
199389614 22183923
25276905 40294685
35746423 151460592
104548229 158221235
15681992 19370748
28706024 16667262
22843068 19195914
35746423 47981900
27119147 300333849
27119147 151460592
1907971 3603511
26569855 21436558
18637003 96915603
19628775 300333849
11072822 89060990
49988522 21672721
28108411 22183923
16941646 28706024
16870573 121198241
16681595 17093617
21345893 18854250
33640859 49988522
18440972 33640859
10441 151460592
225252559 92539319
16299917 19621110
21651598 83430403
25325913 16096907
10260682 35746423
16793368 16299917
19628775 35746423
44273770 66250890
170428974 27119147
10054742 89060990
26569855 180519255
20942815 89060990
104548229 5374
108341871 36880609
66510042 14346923
21345893 14643009
10260682 25276905
9232292 29612613
216897428 2576581
5374 83430403
163297524 115485051
35746423 128528922
183103257 40294685
225252559 217096194
86852711 86734680
19362838 16520368
40294685 66706727
2576581 9973572
48419074 27110078
5768872 19468147
16364222 23828851
18336459 27118364
33640859 104548229
95941018 23497893
92539319 23497893
5768872 273531261
23497893 18174861
18803775 18854250
10441 17948254
25276905 104548229
28706024 20221159
45316516 27119147
16299917 23133578
29962952 158221235
37240298 64503060
180519255 14075928
26991886 22677790
25276905 44273770
26569855 92539319
16364222 86361766
71245177 29612613
36880609 16299917
128528922 806283
153864211 16364222
15183751 130155510
104548229 21651598
153864211 21651598
71245177 89060990
23497893 42438241
94917884 108341871
17222954 29612613
25428210 19503553
45316516 130155510
18854250 10441
23828851 71245177
25276905 27119147
40294685 15398191
16602935 95941018
19628775 23433022
66510042 18803775
25084978 17093617
19195914 11072822
216897428 1907971
95941018 31475027
158415953 18440972
418985576 22540123
183103257 57517199
199019831 25084978
10441 35746423
16364222 170428974
18440972 11072822
23828851 225252559
21651598 14152810
22843068 17093617
17222954 5374
18174861 42622701
18854250 21345893
45316516 11072822
21436558 36880609
10441 15826220
21345893 5374
86277174 173178313
135577953 62065567
66510042 5374
18174861 63488455
21436558 94917884
806283 41495074
173178313 158221235
20221159 14075928
20942815 25276905
28706024 17017636
20695670 33640859
21651598 19628775
153864211 806283
45316516 71245177
11072822 16870573
16951769 14464766
33640859 16793368
19628775 21345893
23497893 11072822
15826220 11072822
16096907 42622701
10441 18174861
25276905 170428974
60682317 28706024
26991886 16793368
15420011 18803775
407340870 50374439
16364222 14643009
108341871 18803775
2576581 115485051
92539319 16364222
18854250 18174861
173282921 33640859
16096907 17953057
18174861 9232292
15271655 59330173
9973572 115485051
18174861 46715620
94917884 42622701
29631095 14346923
44273770 273531261
10441 3885361
11072822 14152810
47981900 18637003
59836995 25325913
86734680 5374
158415953 21345893
46715620 16667262
225252559 21436558
16299917 28108411
45316516 25276905
21345893 806283
10441 212321528
95941018 25276905
36880609 35746423
217096194 95941018
21436558 59836995
104548229 10441
25325913 10260682
11072822 10260682
104548229 18803775
26569855 173282921
15398191 66250890
16941646 133093395
44273770 15271655
225252559 130155510
21651598 18174861
21436558 71876190
21651598 86734680
21436558 26569855
44273770 3885361
17222954 10441
14523801 432093
60682317 237930644
45316516 29962952
23828851 96915603
14152810 15826220
15826220 158221235
16951769 27457788
18440972 18174861
21651598 153864211
16951769 18854250
21436558 19295613
45316516 25325913
18854250 23828851
27119147 94917884
18854250 71245177
20942815 45316516
199019831 17093617
16870573 18166933
10260682 16951769
16364222 25325913
104548229 22183923
15183751 104548229
17093617 29962952
45914299 5768872
23828851 25325913
9973572 31968180
19370748 29631095
14230844 37240298
27976258 17093617
15826220 17222954
17200287 15398191
29962952 19195914
806283 15271655
86734680 104548229
21651598 14643009
26569855 11072822
95941018 27119147
14346923 19917537
35746423 130155510
35746423 16364222
19917537 15765156
15420011 86852711
183103257 9232292
21651598 9232292
37240298 3603511
21345893 49988522
47981900 26569855
86734680 23828851
44273770 28706024
33640859 212321528
94917884 16364222
94917884 130155510
170428974 10441
108341871 19628775
26991886 20695670
18174861 30973
60682317 5768872
806283 18803775
10441 734493
19370748 23828851
16870682 237930644
9232292 16299917
86852711 96915603
15271655 95941018
35746423 23828851
16870682 16667262
16096907 130155510
59836995 94917884
170428974 29962952
18166933 30973
15420011 158221235
27119147 89060990
17222954 10260682
23828851 49988522
14890490 17948254
16299917 50374439
18803775 10260682
36933269 14147844
48419074 25084978
17750917 40294685
16364222 57517199
21436558 19370748
18803775 18637003
18174861 16364222
25084978 22540123
10260682 96915603
22946576 9973572
26991886 31353077
64503060 37240298
44273770 59836995
18854250 9232292
94917884 26569855
35746423 19370748
151460592 15420011
26569855 15681992
104548229 9232292
25276905 18174861
14523801 15681992
26569855 18440972
19370748 16299917
49988522 35746423
225252559 20695670
41259253 50374439
27976258 91517091
41495074 25276905
86277174 60682317
19370748 11072822
199389614 64503060
35746423 71245177
89060990 18854250
18614130 35295161
25276905 45316516
71245177 3885361
29962952 126146818
97247507 26569855
18174861 18803775
27119147 19621110
18243413 14075928
29962952 5374
26569855 14346923
104548229 14346923
86852711 16364222
18637003 18803775
14147844 17750917
25276905 35746423
89060990 18803775
47981900 212321528
27119147 25325913
18440972 95941018
25325913 15826220
18803775 806283
21651598 23828851
14346923 5374
16951769 22183923
19370748 9232292
29631095 14643009
14523801 14147844
151460592 14643009
20942815 10260682
86852711 29962952
225252559 15681992
16125750 48419074
15271655 115485051
15826220 123592572
173282921 130155510
59836995 16299917
35295161 300333849
104548229 15765156
16870573 31475027
19628775 28108411
15420011 29631095
66510042 158221235
23497893 26569855
30973 19195914
15826220 26991886
21436558 29631095
16096907 23097743
16096907 29962952
95941018 287316875
71245177 15826220
95941018 21651598
108341871 14643009
104548229 29962952
19370748 3885361
19370748 66510042
25276905 9232292
108341871 806283
216897428 14075928
26569855 18854250
10441 14075928
25084978 133093395
418985576 286871259
18854250 29612613
19503553 27976258
15826220 29962952
806283 29962952
5768872 10441
21345893 21672721
407340870 115485051
9232292 26569855
18854250 14643009
104548229 27119147
104548229 15681992
153864211 19195914
10441 20695670
17093617 16580351
86734680 14346923
19370748 15765156
130155510 35746423
15826220 158415953
130155510 16793368
18174861 25325913
23497893 14346923
71245177 10054742
21436558 21651598
806283 25276905
16870573 5374
212321528 287316875
108341871 19503553
20942815 11072822
25276905 108341871
29612613 26991886
158848407 14464766
18174861 20942815
18440972 212321528
16005730 115485051
25276905 15271655
23133578 22183923
18440972 22183923
66706727 40294685
180519255 1930311
18440972 128528922
66250890 66706727
217096194 15681992
21651598 806283
104548229 806283
16299917 16096907
59836995 128528922
21436558 10260682
14890490 2884771
66250890 126146818
806283 16005730
26991886 59836995
60682317 23433022
14346923 86734680
29631095 5374
95941018 22183923
66250890 17200287
10441 28108411
15826220 89060990
5374 18803775
16299917 95941018
217096194 26569855
104548229 21345893
14147844 5854772
15183751 35746423
19370748 18854250
19370748 14152810
16364222 19295613
14152810 17093617
18854250 27119147
5374 15420011
59836995 153864211
17750917 5854772
19370748 104548229
5374 25276905
25428210 5768872
42438241 16096907
44273770 16602935
27119147 18854250
16096907 16667262
14152810 10441
59330173 44273770
29631095 158221235
21651598 130155510
28108411 29612613
170428974 35746423
36880609 108341871
86361766 16096907
173282921 104548229
49988522 9232292
94917884 59836995
10441 16520368
25325913 14152810
16870682 46715620
15420011 158415953
19370748 97247507
151460592 20942815
35295161 26991886
42622701 23133578
45316516 15671529
16364222 42622701
16793368 36880609
95941018 21436558
15420011 3885361
18174861 19621110
14346923 18174861
29962952 20942815
15420011 10441
97247507 29612613
25325913 35746423
158415953 86734680
158415953 28108411
49988522 16793368
20942815 27119147
158415953 11072822
20695670 16364222
59836995 14152810
16125750 27110078
16005730 96915603
92539319 22183923
15681992 20942815
86734680 806283
18440972 225252559
59836995 130155510
10441 25276905
5374 212321528
10054742 29612613
16096907 42438241
31353077 17017636
19628775 86852711
45316516 23097743
27119147 11072822
28108411 21436558
16364222 212321528
57517199 14643009
25276905 3885361
49092104 199019831
19370748 57517199
59836995 21436558
29962952 25325913
94917884 10260682
20942815 16793368
45316516 212321528
60682317 50374439
57517199 11072822
158415953 151460592
19628775 18440972
25276905 14643009
170428974 14643009
19195914 16870682
108341871 20942815
36880609 18803775
95941018 15183751
11072822 22183923
10441 15765156
71245177 16870573
15420011 23828851
173178313 86277174
16096907 16793368
19195914 16419529
20942815 22183923
14346923 23828851
86734680 21651598
158415953 18174861
17222954 15420011
16951769 18440972
22183923 18174861
21436558 19621110
16580351 19621110
104548229 45316516
45316516 33640859
180519255 95941018
128528922 45316516
153864211 20942815
15420011 16793368
16941646 14075928
150883839 135577953
180519255 5374
11072822 104548229
26569855 71245177
16793368 66510042
66706727 91517091
95941018 15765156
25325913 9232292
23828851 115485051
18803775 25276905
15340816 14523801
11072822 18174861
21436558 35746423
123592572 121198241
25276905 86734680
15420011 29612613
25084978 30973
5374 18440972
128240372 10260682
108341871 17222954
39967462 212321528
44273770 287316875
17222954 31475027
9232292 29962952
16870682 50374439
17222954 16096907
16364222 23497893
173282921 59836995
18174861 5374
1907971 31353077
16793368 18803775
95941018 66510042
27119147 21651598
25325913 71245177
29612613 21345893
47981900 29612613
86361766 9232292
806283 10260682
18440972 57517199
170428974 95941018
151460592 28108411
39051824 115485051
29962952 16364222
45316516 29631095
25325913 89060990
25276905 18854250
108341871 29631095
19370748 92539319
14152810 18440972
18440972 158415953
21345893 71245177
11072822 158221235
16364222 66510042
25428210 40294685
284805543 19195914
20942815 130155510
19370748 49988522
59836995 15681992
16096907 97247507
286871259 158848407
94917884 14643009
16520368 18166933
16951769 212321528
3603511 115485051
23828851 1930311
128528922 28108411
10054742 9232292
806283 21651598
45316516 104548229
20221159 22677790
86361766 20695670
806283 14346923
128240372 17222954
19628775 115485051
89060990 20942815
44273770 25325913
23828851 25276905
18854250 18803775
89060990 86734680
71245177 19628775
30728013 9232292
15183751 16096907
71245177 30728013
16364222 21651598
86852711 130155510
14230844 64503060
59836995 21651598
15271655 57517199
300333849 212321528
83926599 14075928
21651598 18854250
170428974 86852711
15398191 17200287
11072822 27119147
25276905 16364222
130155510 19628775
199019831 27110078
5374 15826220
19468147 22183923
183103257 17222954
26569855 29962952
19195914 60682317
35746423 18440972
19370748 5374
26569855 29631095
42438241 217096194
22843068 19621110
806283 20942815
130155510 95941018
42438241 16793368
35295161 96915603
92539319 95941018
70774439 17200287
95941018 170428974
407340870 135577953
11072822 15826220
16364222 16299917
19628775 27119147
158415953 83430403
21436558 16096907
35746423 86852711
11072822 130155510
27119147 95941018
10260682 21651598
86734680 25276905
23828851 30973
16951769 3885361
91517091 66706727
95941018 20695670
183103257 16005730
10260682 21345893
123592572 86734680
104548229 71245177
5374 16793368
86361766 18854250
25276905 31475027
16299917 26569855
18854250 19917537
25276905 14346923
135577953 163297524
158415953 9232292
17222954 29962952
23828851 16299917
130155510 96915603
26991886 22183923
16005730 300333849
14147844 19503553
16941646 22677790
17948254 18614130
26991886 158415953
86361766 49988522
16299917 92539319
66250890 17093617
35746423 15183751
44273770 31353077
18440972 16364222
35295161 17093617
19370748 14075928
30973 19621110
113239457 19195914
108341871 29962952
57517199 16364222
16870573 22183923
10441 21651598
86361766 15681992
212321528 62591681
86734680 27119147
10441 18637003
16364222 153864211
3603511 22946576
25084978 50374439
20942815 27042513
95941018 14075928
39051824 15671529
59836995 19917537
16951769 31475027
16951769 16096907
26991886 29612613
40294685 19195914
95941018 29612613
21651598 108341871
15420011 16364222
60682317 71876190
5768872 30973
11072822 20942815
18440972 15826220
16364222 128528922
18440972 130155510
14346923 104548229
18440972 20942815
173178313 40294685
35746423 104548229
26569855 59836995
33640859 26991886
806283 10441
21651598 19295613
11072822 16951769
29612613 9232292
26569855 16951769
15183751 9232292
21651598 18803775
49988522 95941018
44273770 104548229
18803775 108341871
16364222 20695670
17093617 20942815
18440972 806283
25276905 29631095
44273770 26569855
10441 95941018
9973572 14230844
130155510 59836995
29962952 86734680
25276905 19628775
16096907 104548229
163297524 158848407
23828851 17093617
49988522 16299917
183103257 158221235
170428974 25276905
35746423 26569855
217096194 23497893
25276905 36880609
16793368 19468147
25428210 5854772
15826220 28108411
128528922 17222954
15420011 19917537
16299917 59836995
35746423 10441
28108411 19295613
19195914 158221235
25276905 19468147
25276905 5374
17222954 170428974
29962952 23133578
33640859 23497893
30973 50374439
286871259 16941646
15420011 19628775
18854250 158221235
170428974 130155510
19370748 25276905
86361766 15420011
170428974 42622701
29962952 151460592
62065567 158848407
18174861 806283
5374 19468147
16096907 35295161
16793368 29612613
14346923 5768872
153864211 35746423
66706727 126146818
42622701 16364222
44273770 12857062
19628775 104548229
128240372 15826220
86734680 10260682
11072822 16364222
16364222 26991886
14346923 20942815
40294685 27976258
16793368 26569855
59836995 20942815
29962952 17093617
83926599 23097743
59836995 15826220
89060990 14346923
14346923 25276905
39967462 9232292
19195914 17200287
86361766 19370748
29631095 11072822
35746423 33640859
158415953 14643009
35746423 36880609
66250890 15398191
66510042 86734680
63488455 17093617
10441 21436558
18440972 19917537
59836995 35746423
14346923 45316516
64503060 9973572
183103257 15826220
59836995 95941018
27110078 355710112
35746423 14152810
11072822 18440972
18854250 83430403
89060990 25276905
59836995 25276905
180519255 32359921
39051824 15826220
94917884 57517199
19195914 160986971
16793368 10260682
35746423 212321528
16793368 14643009
16364222 16602935
11072822 45316516
15271655 44273770
11072822 19628775
16096907 19503553
10441 33640859
16096907 14643009
29562655 27118364
19370748 86361766
50374439 115485051
16793368 17093617
14152810 83430403
104548229 170428974
18803775 66510042
29962952 806283
806283 5374
216897428 124776522
25084978 42847985
23097743 39967462
44273770 42622701
94917884 10441
29962952 94917884
11072822 19295613
180519255 59836995
83256764 21651598
21651598 35746423
18854250 128528922
18803775 18174861
108341871 16793368
25428210 17093617
35746423 9232292
27119147 170428974
21651598 10441
10054742 14075928
18803775 33640859
15420011 19295613
31353077 27042513
27119147 15420011
14152810 33640859
23133578 104548229
18803775 14890490
29962952 115485051
11072822 25276905
18854250 217096194
16870573 15681992
15420011 26569855
11072822 59836995
10260682 45316516
130155510 19917537
21436558 23097743
19195914 36880609
16681595 16358939
104548229 86361766
30973 36933269
18174861 10441
108341871 16299917
64503060 54795290
15681992 20695670
10441 35295161
28108411 17017636
18174861 19628775
11072822 153864211
95941018 42622701
86852711 35746423
130155510 14643009
19195914 1930311
104548229 158415953
29962952 21651598
57517199 27119147
158848407 135577953
19628775 158221235
5374 11072822
20942815 20695670
158415953 17948254
21651598 18637003
14152810 19917537
17093617 105154989
20695670 16951769
23133578 16096907
21436558 19468147
16870573 22677790
14346923 3885361
21436558 158415953
49988522 25276905
25276905 16005730
31475027 10260682
14346923 19628775
24809948 25325913
48459300 25276905
10441 14643009
16364222 21672721
121198241 263709306
18614130 29612613
25084978 23433022
16580351 17093617
16951769 25276905
16364222 96915603
18243413 30973
254749514 124776522
104548229 29612613
17093617 16520368
16299917 42622701
11072822 66510042
26569855 20695670
21651598 86361766
95941018 23828851
29962952 23828851
18174861 104548229
29962952 16299917
10441 17017636
14346923 27119147
10441 19370748
21345893 19295613
57517199 18854250
14346923 18803775
16580351 18336459
18440972 49988522
60682317 27457788
29612613 18614130
21436558 10441
14147844 36933269
130155510 153864211
18440972 26991886
151460592 10260682
18637003 35295161
12857062 44273770
46715620 5768872
86361766 35746423
5374 29612613
18440972 5374
158415953 19295613
104548229 18854250
27118364 18336459
130155510 11072822
21436558 16793368
18803775 16364222
153864211 11072822
19628775 16870573
20695670 10260682
15420011 18854250
15183751 26569855
86852711 25276905
27976258 115485051
19195914 16941646
20942815 21651598
16520368 16358939
158415953 26569855
16951769 21436558
10260682 83430403
29962952 95941018
15671529 14075928
9232292 18854250
23828851 14643009
92539319 9232292
49988522 23097743
10441 158221235
17200287 22843068
5374 17222954
16299917 14075928
59836995 104548229
18854250 17948254
130155510 27119147
28108411 62591681
28108411 46715620
19917537 16096907
9973572 37240298
44273770 115485051
16364222 17222954
26569855 23828851
22540123 27457788
31475027 29631095
92539319 35746423
97247507 16419529
25325913 14346923
20695670 19917537
29631095 115485051
16951769 14152810
225252559 11072822
35746423 173282921
170428974 104548229
106927162 23133578
17750917 734493
5768872 19503553
26569855 49988522
15681992 26569855
19468147 21436558
18440972 18803775
124776522 14230844
806283 153864211
39967462 35295161
10054742 33640859
10441 11072822
86361766 16364222
20942815 29631095
15183751 17093617
151460592 11072822
151460592 5374
21345893 115485051
806283 29631095
29962952 27119147
14346923 26569855
57517199 44273770
19628775 17222954
57517199 23133578
45316516 10260682
71245177 83256764
36933269 30973
16125750 42847985
173282921 23133578
29562655 51408213
66510042 89060990
36933269 5768872
42438241 20695670
108341871 35746423
23097743 35295161
19370748 128528922
18803775 158221235
18803775 10441
23828851 300333849
16299917 94917884
25325913 16364222
15420011 17093617
11072822 806283
14523801 19621110
44273770 14643009
18854250 5374
71245177 15271655
18440972 14152810
21436558 17093617
42438241 31475027
158848407 407340870
25276905 83926599
23497893 35746423
26174570 126146818
26569855 5374
150883839 158848407
10441 94917884
26569855 21651598
225252559 95941018
10260682 18854250
16364222 86852711
35746423 3885361
27119147 15765156
27119147 10441
104548229 14075928
5374 20942815
27976258 66706727
45316516 18440972
21436558 104548229
16096907 39967462
49092104 27110078
18440972 22843068
16299917 15183751
21436558 44273770
19628775 19295613
26569855 33640859
20942815 104548229
29962952 3885361
16580351 16793368
16941646 5768872
19195914 66250890
21651598 5374
21436558 95941018
14346923 14152810
806283 9232292
20942815 21436558
16096907 18614130
22540123 115485051
5374 19370748
60682317 20221159
45316516 16667262
95941018 5374
14346923 29631095
9232292 15681992
21672721 10260682
26569855 19195914
15271655 20221159
20695670 9232292
15826220 180540375
44273770 95941018
60682317 30973
108341871 83430403
806283 35295161
66510042 10260682
18174861 15765156
11072822 10441
25084978 22677790
29612613 10260682
33640859 19917537
16870573 11072822
59836995 9232292
64503060 18917716
18803775 35295161
66510042 20942815
160986971 19195914
17093617 35295161
36880609 10441
31475027 19295613
49988522 96915603
27976258 36933269
35746423 29962952
95941018 15826220
16941646 20221159
29261021 63488455
115512512 30973
25276905 14152810
25428210 179692181
35295161 18614130
64503060 121198241
225252559 19468147
95941018 16793368
39051824 105154989
94917884 17093617
130155510 180519255
23828851 10260682
25325913 10441
18614130 115485051
806283 21345893
18440972 25325913
173282921 11072822
10441 23828851
16364222 14075928
49988522 29612613
19503553 25276905
17222954 11072822
11072822 158415953
15826220 16951769
21345893 41495074
9232292 25276905
20695670 22183923
22183923 16951769
83256764 71245177
108341871 94917884
11072822 25325913
18440972 104548229
71245177 31475027
18614130 20221159
33640859 95941018
10260682 23828851
104548229 16096907
15826220 31353077
23828851 16364222
128528922 25276905
29962952 57517199
25276905 71245177
39967462 14075928
20942815 15765156
16364222 10441
16299917 158415953
15183751 16364222
35746423 15420011
183103257 108341871
20942815 10441
104548229 10260682
26569855 10260682
11072822 29612613
806283 59836995
45316516 10441
23828851 19917537
16096907 21436558
15420011 21436558
18803775 16299917
71245177 158221235
104548229 225252559
26569855 158221235
128528922 15826220
86361766 21436558
10260682 14643009
89060990 14643009
16299917 300333849
95941018 217096194
25084978 28706024
10260682 27119147
10441 27119147
57517199 59836995
17222954 21345893
19503553 66706727
25276905 89060990
10260682 29962952
25428210 66250890
9232292 18440972
9232292 3885361
14152810 92539319
49988522 16005730
29631095 19621110
17222954 14643009
15183751 95941018
21345893 35746423
40294685 391412618
9973572 254749514
33640859 29612613
71245177 5374
46715620 28706024
59330173 16096907
27042513 22677790
19705747 22677790
160237722 22677790
248883350 22677790
380580781 22677790
35148062 22677790
214328887 237488083